Ech1_s15_p30
Time , Disp, Load , Pressure, Volume
0.08 , 25.0 , 2.654 , 9.856 , 0.01
0.19 , 25.0 , 2.65 , 10.013 , 0.01
0.28 , 25.0 , 2.65 , 10.013 , 0.01
0.38 , 25.0 , 2.656 , 9.816 , 0.01
0.48 , 25.0 , 2.656 , 9.816 , 0.01
0.59 , 25.0 , 2.647 , 9.764 , 0.01
0.68 , 25.0 , 2.647 , 9.764 , 0.01
0.78 , 25.0 , 2.667 , 9.79 , 0.01
0.87 , 25.0 , 2.667 , 9.79 , 0.01
0.99 , 25.0 , 2.658 , 9.581 , 0.01
1.08 , 25.0 , 2.658 , 9.581 , 0.01
1.18 , 25.0 , 2.664 , 9.803 , 0.01
1.27 , 25.0 , 2.664 , 9.803 , 0.014
1.39 , 25.0 , 2.647 , 9.961 , 0.014
1.48 , 25.0 , 2.652 , 9.83 , 0.014
1.58 , 25.0 , 2.652 , 9.83 , 0.014
1.67 , 25.0 , 2.647 , 9.738 , 0.014
1.79 , 25.0 , 2.647 , 9.738 , 0.018
1.88 , 25.0 , 2.652 , 9.961 , 0.018
1.98 , 25.0 , 2.652 , 9.961 , 0.018
2.07 , 25.0 , 2.645 , 10.039 , 0.018
2.19 , 25.0 , 2.645 , 10.039 , 0.018
2.28 , 25.0 , 2.645 , 9.987 , 0.023
2.38 , 25.0 , 2.645 , 9.987 , 0.023
2.47 , 25.0 , 2.633 , 9.869 , 0.023
2.59 , 25.0 , 2.633 , 9.869 , 0.023
2.68 , 25.0 , 2.639 , 9.777 , 0.023
2.78 , 25.0 , 2.639 , 9.777 , 0.027
2.87 , 25.0 , 2.639 , 9.895 , 0.027
2.99 , 25.0 , 2.639 , 9.895 , 0.027
3.08 , 25.0 , 2.635 , 9.856 , 0.027
3.18 , 25.0 , 2.635 , 9.856 , 0.027
3.27 , 25.0 , 2.628 , 9.79 , 0.031
3.39 , 25.0 , 2.628 , 9.79 , 0.031
3.48 , 25.0 , 2.622 , 9.698 , 0.031
3.58 , 25.0 , 2.637 , 9.803 , 0.031
3.67 , 25.0 , 2.637 , 9.803 , 0.031
3.78 , 25.0 , 2.643 , 9.83 , 0.035
3.88 , 25.0 , 2.643 , 9.83 , 0.035
3.98 , 25.0 , 2.613 , 9.921 , 0.035
4.07 , 25.0 , 2.613 , 9.921 , 0.035
4.18 , 25.0 , 2.609 , 9.83 , 0.035
4.28 , 25.0 , 2.609 , 9.83 , 0.039
4.38 , 25.0 , 2.609 , 9.79 , 0.039
4.47 , 25.0 , 2.609 , 9.79 , 0.039
4.58 , 25.0 , 2.628 , 9.79 , 0.039
4.68 , 25.0 , 2.628 , 9.79 , 0.039
4.78 , 25.0 , 2.616 , 9.764 , 0.043
4.87 , 25.0 , 2.616 , 9.764 , 0.043
4.98 , 25.0 , 2.611 , 9.882 , 0.043
5.08 , 25.0 , 2.611 , 9.882 , 0.043
5.18 , 25.0 , 2.618 , 9.725 , 0.043
5.29 , 25.0 , 2.618 , 9.725 , 0.048
5.38 , 25.0 , 2.596 , 9.947 , 0.048
5.48 , 25.0 , 2.596 , 9.947 , 0.048
5.58 , 25.0 , 2.586 , 9.908 , 0.048
5.69 , 25.0 , 2.586 , 9.908 , 0.048
5.78 , 25.0 , 2.586 , 9.725 , 0.052
5.88 , 25.0 , 2.601 , 9.882 , 0.052
5.98 , 25.0 , 2.601 , 9.882 , 0.052
6.09 , 25.0 , 2.635 , 9.908 , 0.052
6.18 , 25.0 , 2.635 , 9.908 , 0.052
6.28 , 25.0 , 2.599 , 9.803 , 0.056
6.37 , 25.0 , 2.599 , 9.803 , 0.056
6.49 , 25.0 , 2.613 , 9.567 , 0.056
6.58 , 25.0 , 2.613 , 9.567 , 0.056
6.68 , 25.0 , 2.596 , 9.764 , 0.056
6.77 , 25.0 , 2.596 , 9.764 , 0.06
6.89 , 25.0 , 2.59 , 9.738 , 0.06
6.98 , 25.0 , 2.59 , 9.738 , 0.06
7.08 , 25.0 , 2.582 , 9.947 , 0.06
7.17 , 25.0 , 2.582 , 9.947 , 0.06
7.29 , 25.0 , 2.605 , 9.738 , 0.064
7.38 , 25.0 , 2.605 , 9.738 , 0.064
7.48 , 25.0 , 2.599 , 9.79 , 0.064
7.57 , 25.0 , 2.599 , 9.79 , 0.064
7.69 , 25.0 , 2.592 , 9.751 , 0.064
7.78 , 25.0 , 2.592 , 9.751 , 0.068
7.88 , 25.0 , 2.573 , 9.738 , 0.068
7.97 , 25.0 , 2.573 , 9.738 , 0.068
8.09 , 25.0 , 2.575 , 9.646 , 0.068
8.18 , 25.0 , 2.59 , 9.594 , 0.068
8.28 , 25.0 , 2.59 , 9.594 , 0.073
8.37 , 25.0 , 2.569 , 9.698 , 0.073
8.49 , 25.0 , 2.569 , 9.698 , 0.073
8.58 , 25.0 , 2.554 , 9.659 , 0.073
8.68 , 25.0 , 2.554 , 9.659 , 0.073
8.77 , 25.0 , 2.579 , 9.554 , 0.077
8.88 , 25.0 , 2.579 , 9.554 , 0.077
8.98 , 25.0 , 2.579 , 9.698 , 0.077
9.08 , 25.0 , 2.579 , 9.698 , 0.077
9.17 , 25.0 , 2.554 , 9.567 , 0.077
9.28 , 25.0 , 2.554 , 9.567 , 0.081
9.38 , 25.0 , 2.543 , 9.463 , 0.081
9.48 , 25.0 , 2.543 , 9.463 , 0.081
9.57 , 25.0 , 2.552 , 9.738 , 0.081
9.68 , 25.0 , 2.552 , 9.738 , 0.081
9.78 , 25.0 , 2.569 , 9.659 , 0.085
9.88 , 25.0 , 2.569 , 9.659 , 0.085
9.97 , 25.0 , 2.584 , 9.554 , 0.085
10.08 , 25.0 , 2.584 , 9.554 , 0.085
10.18 , 25.0 , 2.558 , 9.712 , 0.085
10.28 , 25.0 , 2.558 , 9.712 , 0.089
10.37 , 25.0 , 2.565 , 9.725 , 0.089
10.48 , 25.0 , 2.565 , 9.554 , 0.089
10.58 , 25.0 , 2.565 , 9.554 , 0.089
10.68 , 25.0 , 2.543 , 9.515 , 0.089
10.77 , 25.0 , 2.543 , 9.515 , 0.093
10.88 , 25.0 , 2.548 , 9.515 , 0.093
10.98 , 25.0 , 2.548 , 9.515 , 0.093
11.08 , 25.0 , 2.539 , 9.659 , 0.093
11.19 , 25.0 , 2.539 , 9.659 , 0.093
11.28 , 25.0 , 2.556 , 9.541 , 0.097
11.38 , 25.0 , 2.556 , 9.541 , 0.097
11.48 , 25.0 , 2.539 , 9.41 , 0.097
11.59 , 25.0 , 2.539 , 9.41 , 0.097
11.68 , 25.0 , 2.543 , 9.672 , 0.097
11.78 , 25.0 , 2.543 , 9.672 , 0.102
11.87 , 25.0 , 2.522 , 9.502 , 0.102
11.99 , 25.0 , 2.522 , 9.502 , 0.102
12.08 , 25.0 , 2.558 , 9.738 , 0.102
12.18 , 25.0 , 2.558 , 9.738 , 0.102
12.27 , 25.0 , 2.539 , 9.463 , 0.106
12.39 , 25.0 , 2.539 , 9.463 , 0.106
12.48 , 25.0 , 2.556 , 9.672 , 0.106
12.58 , 25.0 , 2.556 , 9.672 , 0.106
12.67 , 25.0 , 2.53 , 9.528 , 0.106
12.79 , 25.0 , 2.548 , 9.633 , 0.11
12.88 , 25.0 , 2.548 , 9.633 , 0.11
12.98 , 25.0 , 2.548 , 9.463 , 0.11
13.07 , 25.0 , 2.548 , 9.463 , 0.11
13.19 , 25.0 , 2.556 , 9.541 , 0.11
13.28 , 25.0 , 2.556 , 9.541 , 0.114
13.38 , 25.0 , 2.535 , 9.423 , 0.114
13.47 , 25.0 , 2.535 , 9.423 , 0.114
13.59 , 25.0 , 2.507 , 9.751 , 0.114
13.68 , 25.0 , 2.507 , 9.751 , 0.114
13.78 , 25.0 , 2.518 , 9.541 , 0.118
13.87 , 25.0 , 2.518 , 9.541 , 0.118
13.99 , 25.0 , 2.533 , 9.449 , 0.118
14.08 , 25.0 , 2.533 , 9.449 , 0.118
14.18 , 25.0 , 2.537 , 9.476 , 0.118
14.27 , 25.0 , 2.537 , 9.476 , 0.122
14.39 , 25.0 , 2.526 , 9.554 , 0.122
14.48 , 25.0 , 2.526 , 9.554 , 0.122
14.58 , 25.0 , 2.543 , 9.449 , 0.122
14.67 , 25.0 , 2.543 , 9.449 , 0.122
14.78 , 25.0 , 2.537 , 9.489 , 0.127
14.88 , 25.0 , 2.533 , 9.554 , 0.127
14.98 , 25.0 , 2.533 , 9.554 , 0.127
15.07 , 25.0 , 2.535 , 9.646 , 0.127
15.18 , 25.0 , 2.535 , 9.646 , 0.127
15.28 , 25.0 , 2.554 , 9.528 , 0.131
15.38 , 25.0 , 2.554 , 9.528 , 0.131
15.47 , 25.0 , 2.503 , 9.581 , 0.131
15.58 , 25.0 , 2.503 , 9.581 , 0.131
15.68 , 25.0 , 2.52 , 9.607 , 0.131
15.78 , 25.0 , 2.52 , 9.607 , 0.135
15.87 , 25.0 , 2.516 , 9.698 , 0.135
15.98 , 25.0 , 2.516 , 9.698 , 0.135
16.08 , 25.0 , 2.494 , 9.581 , 0.135
16.18 , 25.0 , 2.494 , 9.581 , 0.135
16.27 , 25.0 , 2.533 , 9.685 , 0.139
16.38 , 25.0 , 2.533 , 9.685 , 0.139
16.48 , 25.0 , 2.503 , 9.594 , 0.139
16.58 , 25.0 , 2.503 , 9.594 , 0.139
16.69 , 25.0 , 2.522 , 9.528 , 0.139
16.78 , 25.0 , 2.522 , 9.528 , 0.143
16.88 , 25.0 , 2.522 , 9.698 , 0.143
16.98 , 25.0 , 2.522 , 9.698 , 0.143
17.09 , 25.0 , 2.511 , 9.685 , 0.143
17.18 , 25.0 , 2.509 , 9.594 , 0.143
17.28 , 25.0 , 2.509 , 9.594 , 0.147
17.38 , 25.0 , 2.49 , 9.489 , 0.147
17.49 , 25.0 , 2.49 , 9.489 , 0.147
17.58 , 25.0 , 2.505 , 9.528 , 0.147
17.68 , 25.0 , 2.505 , 9.528 , 0.147
17.77 , 25.0 , 2.503 , 9.633 , 0.152
17.89 , 25.0 , 2.503 , 9.633 , 0.152
17.98 , 25.0 , 2.501 , 9.594 , 0.152
18.08 , 25.0 , 2.501 , 9.594 , 0.152
18.17 , 25.0 , 2.507 , 9.646 , 0.152
18.29 , 25.0 , 2.507 , 9.646 , 0.156
18.38 , 25.0 , 2.499 , 9.672 , 0.156
18.48 , 25.0 , 2.499 , 9.672 , 0.156
18.57 , 25.0 , 2.503 , 9.646 , 0.156
18.69 , 25.0 , 2.503 , 9.646 , 0.156
18.78 , 25.0 , 2.501 , 9.738 , 0.16
18.88 , 25.0 , 2.501 , 9.738 , 0.16
18.97 , 25.0 , 2.507 , 9.751 , 0.16
19.09 , 25.0 , 2.507 , 9.751 , 0.16
19.18 , 25.0 , 2.513 , 9.476 , 0.16
19.28 , 25.0 , 2.513 , 9.476 , 0.164
19.37 , 25.0 , 2.494 , 9.83 , 0.164
19.49 , 25.0 , 2.499 , 9.672 , 0.164
19.58 , 25.0 , 2.499 , 9.672 , 0.164
19.68 , 25.0 , 2.484 , 9.764 , 0.164
19.77 , 25.0 , 2.484 , 9.764 , 0.168
19.89 , 25.0 , 2.494 , 9.659 , 0.168
19.98 , 25.0 , 2.494 , 9.659 , 0.168
20.08 , 25.0 , 2.494 , 9.476 , 0.168
20.17 , 25.0 , 2.494 , 9.476 , 0.168
20.28 , 25.0 , 2.482 , 9.62 , 0.172
20.38 , 25.0 , 2.482 , 9.62 , 0.172
20.48 , 25.0 , 2.509 , 9.712 , 0.172
20.57 , 25.0 , 2.509 , 9.712 , 0.172
20.68 , 25.0 , 2.484 , 9.489 , 0.172
20.78 , 25.0 , 2.484 , 9.489 , 0.177
20.88 , 25.0 , 2.492 , 9.672 , 0.177
20.97 , 25.0 , 2.492 , 9.672 , 0.177
21.08 , 25.0 , 2.499 , 9.541 , 0.177
21.18 , 25.0 , 2.499 , 9.541 , 0.177
21.28 , 25.0 , 2.467 , 9.659 , 0.181
21.37 , 25.0 , 2.467 , 9.659 , 0.181
21.48 , 25.0 , 2.473 , 9.594 , 0.181
21.58 , 25.0 , 2.462 , 9.528 , 0.181
21.68 , 25.0 , 2.462 , 9.528 , 0.181
21.77 , 25.0 , 2.49 , 9.777 , 0.185
21.88 , 25.0 , 2.49 , 9.777 , 0.185
21.98 , 25.0 , 2.486 , 9.541 , 0.185
22.08 , 25.0 , 2.486 , 9.541 , 0.185
22.19 , 25.0 , 2.479 , 9.436 , 0.185
22.28 , 25.0 , 2.479 , 9.436 , 0.189
22.38 , 25.0 , 2.469 , 9.764 , 0.189
22.48 , 25.0 , 2.469 , 9.764 , 0.189
22.59 , 25.0 , 2.507 , 9.79 , 0.189
22.68 , 25.0 , 2.507 , 9.79 , 0.189
22.78 , 25.0 , 2.477 , 9.751 , 0.193
22.88 , 25.0 , 2.477 , 9.751 , 0.193
22.99 , 25.0 , 2.488 , 9.764 , 0.193
23.08 , 25.0 , 2.488 , 9.764 , 0.193
23.18 , 25.0 , 2.484 , 9.698 , 0.193
23.27 , 25.0 , 2.484 , 9.698 , 0.197
23.39 , 25.0 , 2.437 , 9.856 , 0.197
23.48 , 25.0 , 2.437 , 9.856 , 0.197
23.58 , 25.0 , 2.467 , 9.882 , 0.197
23.67 , 25.0 , 2.467 , 9.882 , 0.197
23.79 , 25.0 , 2.454 , 9.908 , 0.202
23.88 , 25.0 , 2.46 , 9.725 , 0.202
23.98 , 25.0 , 2.46 , 9.725 , 0.202
24.07 , 25.0 , 2.452 , 9.751 , 0.202
24.19 , 25.0 , 2.452 , 9.751 , 0.202
24.28 , 25.0 , 2.456 , 9.856 , 0.206
24.38 , 25.0 , 2.456 , 9.856 , 0.206
24.47 , 25.0 , 2.456 , 10.105 , 0.206
24.59 , 25.0 , 2.456 , 10.105 , 0.206
24.68 , 25.0 , 2.477 , 9.764 , 0.206
24.78 , 25.0 , 2.477 , 9.764 , 0.21
24.87 , 25.0 , 2.458 , 9.934 , 0.21
24.99 , 25.0 , 2.458 , 9.934 , 0.21
25.08 , 25.0 , 2.469 , 10.013 , 0.21
25.18 , 25.0 , 2.469 , 10.013 , 0.21
25.27 , 25.0 , 2.467 , 10.0 , 0.214
25.39 , 25.0 , 2.467 , 10.0 , 0.214
25.48 , 25.0 , 2.482 , 10.065 , 0.214
25.58 , 25.0 , 2.482 , 10.065 , 0.214
25.67 , 25.0 , 2.469 , 10.039 , 0.214
25.78 , 25.0 , 2.469 , 10.039 , 0.218
25.88 , 25.0 , 2.435 , 10.223 , 0.218
25.98 , 25.0 , 2.435 , 10.223 , 0.218
26.07 , 25.0 , 2.462 , 10.17 , 0.218
26.18 , 25.0 , 2.465 , 10.039 , 0.218
26.28 , 25.0 , 2.465 , 10.039 , 0.222
26.38 , 25.0 , 2.443 , 10.052 , 0.222
26.47 , 25.0 , 2.443 , 10.052 , 0.222
26.58 , 25.0 , 2.443 , 10.197 , 0.222
26.68 , 25.0 , 2.443 , 10.197 , 0.222
26.78 , 25.0 , 2.437 , 10.275 , 0.227
26.87 , 25.0 , 2.437 , 10.275 , 0.227
26.98 , 25.0 , 2.448 , 10.236 , 0.227
27.08 , 25.0 , 2.448 , 10.236 , 0.227
27.18 , 25.0 , 2.465 , 10.446 , 0.227
27.27 , 25.0 , 2.465 , 10.446 , 0.231
27.38 , 25.0 , 2.473 , 10.249 , 0.231
27.48 , 25.0 , 2.473 , 10.249 , 0.231
27.58 , 25.0 , 2.437 , 10.314 , 0.231
27.69 , 25.0 , 2.437 , 10.314 , 0.231
27.78 , 25.0 , 2.454 , 10.262 , 0.235
27.88 , 25.0 , 2.454 , 10.262 , 0.235
27.98 , 25.0 , 2.441 , 10.144 , 0.235
28.09 , 25.0 , 2.441 , 10.144 , 0.235
28.18 , 25.0 , 2.448 , 10.341 , 0.235
28.28 , 25.0 , 2.448 , 10.341 , 0.239
28.38 , 25.0 , 2.458 , 10.406 , 0.239
28.49 , 25.0 , 2.431 , 10.498 , 0.239
28.58 , 25.0 , 2.431 , 10.498 , 0.239
28.68 , 25.0 , 2.441 , 10.511 , 0.239
28.77 , 25.0 , 2.441 , 10.511 , 0.243
28.89 , 25.0 , 2.458 , 10.446 , 0.243
28.98 , 25.0 , 2.458 , 10.446 , 0.243
29.08 , 25.0 , 2.435 , 10.55 , 0.243
29.17 , 25.0 , 2.435 , 10.55 , 0.243
29.29 , 25.0 , 2.437 , 10.708 , 0.247
29.38 , 25.0 , 2.437 , 10.708 , 0.247
29.48 , 25.0 , 2.448 , 10.668 , 0.247
29.57 , 25.0 , 2.448 , 10.668 , 0.247
29.69 , 25.0 , 2.428 , 10.629 , 0.247
29.78 , 25.0 , 2.428 , 10.629 , 0.252
29.88 , 25.0 , 2.445 , 10.812 , 0.252
29.97 , 25.0 , 2.445 , 10.812 , 0.252
30.09 , 25.0 , 2.426 , 10.93 , 0.252
30.18 , 25.0 , 2.426 , 10.93 , 0.252
30.28 , 25.0 , 2.424 , 10.852 , 0.256
30.37 , 25.0 , 2.424 , 10.852 , 0.256
30.49 , 25.0 , 2.439 , 10.996 , 0.256
30.58 , 25.0 , 2.445 , 11.166 , 0.256
30.68 , 25.0 , 2.445 , 11.166 , 0.256
30.77 , 25.0 , 2.422 , 11.035 , 0.26
30.89 , 25.0 , 2.422 , 11.035 , 0.26
30.98 , 25.0 , 2.403 , 11.232 , 0.26
31.08 , 25.0 , 2.403 , 11.232 , 0.26
31.17 , 25.0 , 2.42 , 11.245 , 0.26
31.29 , 25.0 , 2.42 , 11.245 , 0.264
31.38 , 25.0 , 2.443 , 11.376 , 0.264
31.48 , 25.0 , 2.443 , 11.376 , 0.264
31.57 , 25.0 , 2.452 , 11.507 , 0.264
31.68 , 25.0 , 2.452 , 11.507 , 0.264
31.78 , 25.0 , 2.437 , 11.52 , 0.268
31.88 , 25.0 , 2.437 , 11.52 , 0.268
31.99 , 25.0 , 2.433 , 11.481 , 0.268
32.08 , 25.0 , 2.433 , 11.481 , 0.268
32.18 , 25.0 , 2.433 , 11.612 , 0.268
32.28 , 25.0 , 2.433 , 11.612 , 0.272
32.39 , 25.0 , 2.45 , 11.743 , 0.272
32.48 , 25.0 , 2.45 , 11.743 , 0.272
32.58 , 25.0 , 2.45 , 12.018 , 0.272
32.68 , 25.0 , 2.45 , 12.018 , 0.272
32.79 , 25.0 , 2.435 , 11.795 , 0.277
32.88 , 25.0 , 2.443 , 11.913 , 0.277
32.98 , 25.0 , 2.443 , 11.913 , 0.277
33.08 , 25.0 , 2.422 , 11.953 , 0.277
33.19 , 25.0 , 2.422 , 11.953 , 0.277
33.28 , 25.0 , 2.445 , 12.176 , 0.281
33.38 , 25.0 , 2.445 , 12.176 , 0.281
33.48 , 25.0 , 2.439 , 12.398 , 0.281
33.59 , 25.0 , 2.439 , 12.398 , 0.281
33.68 , 25.0 , 2.433 , 12.542 , 0.281
33.78 , 25.0 , 2.433 , 12.542 , 0.285
33.88 , 25.0 , 2.456 , 12.477 , 0.285
33.99 , 25.0 , 2.456 , 12.477 , 0.285
34.08 , 25.0 , 2.437 , 12.647 , 0.285
34.18 , 25.0 , 2.437 , 12.647 , 0.285
34.27 , 25.0 , 2.433 , 12.556 , 0.289
34.39 , 25.0 , 2.433 , 12.556 , 0.289
34.48 , 25.0 , 2.441 , 12.778 , 0.289
34.58 , 25.0 , 2.441 , 12.778 , 0.289
34.67 , 25.0 , 2.416 , 12.909 , 0.289
34.79 , 25.0 , 2.416 , 12.909 , 0.293
34.88 , 25.0 , 2.443 , 12.87 , 0.293
34.98 , 25.0 , 2.443 , 12.87 , 0.293
35.07 , 25.0 , 2.426 , 13.158 , 0.293
35.19 , 25.0 , 2.433 , 13.158 , 0.293
35.28 , 25.0 , 2.433 , 13.158 , 0.297
35.38 , 25.0 , 2.441 , 13.355 , 0.297
35.47 , 25.0 , 2.441 , 13.355 , 0.297
35.59 , 25.0 , 2.433 , 13.525 , 0.297
35.68 , 25.0 , 2.433 , 13.525 , 0.297
35.78 , 25.0 , 2.42 , 13.355 , 0.302
35.87 , 25.0 , 2.42 , 13.355 , 0.302
35.99 , 25.0 , 2.435 , 13.63 , 0.302
36.08 , 25.0 , 2.435 , 13.63 , 0.302
36.18 , 25.0 , 2.443 , 13.578 , 0.302
36.27 , 25.0 , 2.443 , 13.578 , 0.306
36.39 , 25.0 , 2.424 , 13.643 , 0.306
36.48 , 25.0 , 2.424 , 13.643 , 0.306
36.58 , 25.0 , 2.424 , 13.748 , 0.306
36.67 , 25.0 , 2.424 , 13.748 , 0.306
36.79 , 25.0 , 2.433 , 13.866 , 0.31
36.88 , 25.0 , 2.433 , 13.866 , 0.31
36.98 , 25.0 , 2.435 , 14.194 , 0.31
37.07 , 25.0 , 2.435 , 14.194 , 0.31
37.18 , 25.0 , 2.445 , 14.063 , 0.31
37.28 , 25.0 , 2.445 , 14.063 , 0.314
37.38 , 25.0 , 2.445 , 14.259 , 0.314
37.47 , 25.0 , 2.447 , 14.128 , 0.314
37.58 , 25.0 , 2.447 , 14.128 , 0.314
37.68 , 25.0 , 2.46 , 14.377 , 0.314
37.78 , 25.0 , 2.46 , 14.377 , 0.318
37.89 , 25.0 , 2.441 , 14.469 , 0.318
37.98 , 25.0 , 2.441 , 14.469 , 0.318
38.08 , 25.0 , 2.435 , 14.377 , 0.318
38.18 , 25.0 , 2.435 , 14.377 , 0.318
38.29 , 25.0 , 2.42 , 14.6 , 0.322
38.38 , 25.0 , 2.42 , 14.6 , 0.322
38.48 , 25.0 , 2.441 , 14.613 , 0.322
38.58 , 25.0 , 2.441 , 14.613 , 0.322
38.69 , 25.0 , 2.437 , 14.626 , 0.322
38.78 , 25.0 , 2.437 , 14.626 , 0.327
38.88 , 25.0 , 2.428 , 14.902 , 0.327
38.98 , 25.0 , 2.428 , 14.902 , 0.327
39.09 , 25.0 , 2.445 , 14.823 , 0.327
39.18 , 25.0 , 2.445 , 14.823 , 0.327
39.28 , 25.0 , 2.433 , 14.915 , 0.331
39.38 , 25.0 , 2.433 , 14.915 , 0.331
39.49 , 25.0 , 2.433 , 15.216 , 0.331
39.58 , 25.0 , 2.433 , 15.098 , 0.331
39.68 , 25.0 , 2.433 , 15.098 , 0.331
39.77 , 25.0 , 2.43 , 15.295 , 0.335
39.89 , 25.0 , 2.43 , 15.295 , 0.335
39.98 , 25.0 , 2.447 , 15.269 , 0.335
40.08 , 25.0 , 2.447 , 15.269 , 0.335
40.17 , 25.0 , 2.439 , 15.386 , 0.335
40.29 , 25.0 , 2.439 , 15.386 , 0.339
40.38 , 25.0 , 2.403 , 15.426 , 0.339
40.48 , 25.0 , 2.403 , 15.426 , 0.339
40.57 , 25.0 , 2.43 , 15.531 , 0.339
40.69 , 25.0 , 2.43 , 15.531 , 0.339
40.78 , 25.0 , 2.439 , 15.557 , 0.343
40.88 , 25.0 , 2.439 , 15.557 , 0.343
40.97 , 25.0 , 2.452 , 15.57 , 0.343
41.09 , 25.0 , 2.452 , 15.57 , 0.343
41.18 , 25.0 , 2.445 , 15.858 , 0.343
41.28 , 25.0 , 2.445 , 15.858 , 0.347
41.37 , 25.0 , 2.439 , 15.806 , 0.347
41.49 , 25.0 , 2.439 , 15.806 , 0.347
41.58 , 25.0 , 2.428 , 16.094 , 0.347
41.68 , 25.0 , 2.428 , 16.094 , 0.347
41.77 , 25.0 , 2.445 , 16.12 , 0.352
41.89 , 25.0 , 2.439 , 16.055 , 0.352
41.98 , 25.0 , 2.439 , 16.055 , 0.352
42.08 , 25.0 , 2.437 , 16.238 , 0.352
42.17 , 25.0 , 2.437 , 16.238 , 0.352
42.29 , 25.0 , 2.433 , 16.134 , 0.356
42.38 , 25.0 , 2.433 , 16.134 , 0.356
42.48 , 25.0 , 2.462 , 16.435 , 0.356
42.57 , 25.0 , 2.462 , 16.435 , 0.356
42.68 , 25.0 , 2.418 , 16.527 , 0.356
42.78 , 25.0 , 2.418 , 16.527 , 0.36
42.88 , 25.0 , 2.418 , 16.527 , 0.36
42.97 , 25.0 , 2.418 , 16.527 , 0.36
43.08 , 25.0 , 2.445 , 16.553 , 0.36
43.18 , 25.0 , 2.445 , 16.553 , 0.36
43.28 , 25.0 , 2.452 , 16.553 , 0.364
43.37 , 25.0 , 2.452 , 16.553 , 0.364
43.48 , 25.0 , 2.424 , 16.841 , 0.364
43.58 , 25.0 , 2.424 , 16.841 , 0.364
43.68 , 25.0 , 2.42 , 16.985 , 0.364
43.77 , 25.0 , 2.42 , 16.985 , 0.368
43.88 , 25.0 , 2.433 , 16.841 , 0.368
43.98 , 25.0 , 2.433 , 16.841 , 0.368
44.08 , 25.0 , 2.441 , 17.051 , 0.368
44.17 , 25.0 , 2.42 , 17.077 , 0.368
44.28 , 25.0 , 2.42 , 17.077 , 0.372
44.38 , 25.0 , 2.433 , 17.169 , 0.372
44.48 , 25.0 , 2.433 , 17.169 , 0.372
44.59 , 25.0 , 2.424 , 17.182 , 0.372
44.68 , 25.0 , 2.424 , 17.182 , 0.372
44.78 , 25.0 , 2.447 , 17.261 , 0.377
44.88 , 25.0 , 2.447 , 17.261 , 0.377
44.99 , 25.0 , 2.426 , 17.366 , 0.377
45.08 , 25.0 , 2.426 , 17.366 , 0.377
45.18 , 25.0 , 2.418 , 17.47 , 0.377
45.28 , 25.0 , 2.418 , 17.47 , 0.381
45.39 , 25.0 , 2.424 , 17.588 , 0.381
45.48 , 25.0 , 2.424 , 17.588 , 0.381
45.58 , 25.0 , 2.447 , 17.615 , 0.381
45.67 , 25.0 , 2.447 , 17.615 , 0.381
45.79 , 25.0 , 2.454 , 17.641 , 0.385
45.88 , 25.0 , 2.454 , 17.641 , 0.385
45.98 , 25.0 , 2.45 , 17.746 , 0.385
46.07 , 25.0 , 2.45 , 17.746 , 0.385
46.19 , 25.0 , 2.424 , 17.955 , 0.385
46.28 , 25.0 , 2.424 , 17.955 , 0.389
46.38 , 25.0 , 2.43 , 17.877 , 0.389
46.47 , 25.0 , 2.409 , 18.034 , 0.389
46.59 , 25.0 , 2.409 , 18.034 , 0.389
46.68 , 25.0 , 2.416 , 17.942 , 0.389
46.78 , 25.0 , 2.416 , 17.942 , 0.393
46.87 , 25.0 , 2.437 , 18.113 , 0.393
46.99 , 25.0 , 2.437 , 18.113 , 0.393
47.08 , 25.0 , 2.435 , 17.995 , 0.393
47.18 , 25.0 , 2.435 , 17.995 , 0.393
47.27 , 25.0 , 2.424 , 18.296 , 0.397
47.39 , 25.0 , 2.424 , 18.296 , 0.397
47.48 , 25.0 , 2.411 , 18.244 , 0.397
47.58 , 25.0 , 2.411 , 18.244 , 0.397
47.67 , 25.0 , 2.42 , 18.375 , 0.397
47.79 , 25.0 , 2.42 , 18.375 , 0.402
47.88 , 25.0 , 2.433 , 18.532 , 0.402
47.98 , 25.0 , 2.433 , 18.532 , 0.402
48.07 , 25.0 , 2.443 , 18.388 , 0.402
48.19 , 25.0 , 2.443 , 18.388 , 0.402
48.28 , 25.0 , 2.426 , 18.545 , 0.406
48.38 , 25.0 , 2.426 , 18.545 , 0.406
48.47 , 25.0 , 2.401 , 18.729 , 0.406
48.58 , 25.0 , 2.401 , 18.729 , 0.406
48.68 , 25.0 , 2.43 , 18.715 , 0.406
48.78 , 25.0 , 2.426 , 18.768 , 0.41
48.87 , 25.0 , 2.426 , 18.768 , 0.41
48.98 , 25.0 , 2.426 , 18.873 , 0.41
49.08 , 25.0 , 2.426 , 18.873 , 0.41
49.18 , 25.0 , 2.424 , 18.82 , 0.41
49.27 , 25.0 , 2.424 , 18.82 , 0.414
49.38 , 25.0 , 2.426 , 19.187 , 0.414
49.48 , 25.0 , 2.426 , 19.187 , 0.414
49.58 , 25.0 , 2.43 , 19.056 , 0.414
49.67 , 25.0 , 2.43 , 19.056 , 0.414
49.78 , 25.0 , 2.409 , 19.161 , 0.418
49.88 , 25.0 , 2.409 , 19.161 , 0.418
49.98 , 25.0 , 2.42 , 19.213 , 0.418
50.09 , 25.0 , 2.42 , 19.213 , 0.418
50.18 , 25.0 , 2.418 , 19.489 , 0.418
50.28 , 25.0 , 2.418 , 19.489 , 0.422
50.38 , 25.0 , 2.42 , 19.213 , 0.422
50.49 , 25.0 , 2.42 , 19.213 , 0.422
50.58 , 25.0 , 2.422 , 19.489 , 0.422
50.68 , 25.0 , 2.422 , 19.489 , 0.422
50.78 , 25.0 , 2.437 , 19.554 , 0.427
50.89 , 25.0 , 2.418 , 19.62 , 0.427
50.98 , 25.0 , 2.418 , 19.62 , 0.427
51.08 , 25.0 , 2.405 , 19.594 , 0.427
51.17 , 25.0 , 2.405 , 19.594 , 0.427
51.29 , 25.0 , 2.413 , 19.711 , 0.431
51.38 , 25.0 , 2.413 , 19.711 , 0.431
51.48 , 25.0 , 2.435 , 19.816 , 0.431
51.57 , 25.0 , 2.435 , 19.816 , 0.431
51.69 , 25.0 , 2.415 , 19.856 , 0.431
51.78 , 25.0 , 2.415 , 19.856 , 0.435
51.88 , 25.0 , 2.42 , 19.987 , 0.435
51.97 , 25.0 , 2.42 , 19.987 , 0.435
52.09 , 25.0 , 2.413 , 19.882 , 0.435
52.18 , 25.0 , 2.413 , 19.882 , 0.435
52.28 , 25.0 , 2.43 , 19.856 , 0.439
52.37 , 25.0 , 2.43 , 19.856 , 0.439
52.49 , 25.0 , 2.42 , 20.223 , 0.439
52.58 , 25.0 , 2.42 , 20.223 , 0.439
52.68 , 25.0 , 2.401 , 20.262 , 0.439
52.77 , 25.0 , 2.401 , 20.262 , 0.443
52.89 , 25.0 , 2.409 , 20.065 , 0.443
52.98 , 25.0 , 2.409 , 20.065 , 0.443
53.08 , 25.0 , 2.422 , 20.354 , 0.443
53.17 , 25.0 , 2.42 , 20.367 , 0.443
53.29 , 25.0 , 2.42 , 20.367 , 0.447
53.38 , 25.0 , 2.435 , 20.485 , 0.447
53.48 , 25.0 , 2.435 , 20.485 , 0.447
53.57 , 25.0 , 2.403 , 20.55 , 0.447
53.69 , 25.0 , 2.403 , 20.55 , 0.447
53.78 , 25.0 , 2.428 , 20.511 , 0.452
53.88 , 25.0 , 2.428 , 20.511 , 0.452
53.97 , 25.0 , 2.435 , 20.498 , 0.452
54.08 , 25.0 , 2.435 , 20.498 , 0.452
54.18 , 25.0 , 2.428 , 20.826 , 0.452
54.28 , 25.0 , 2.428 , 20.826 , 0.456
54.37 , 25.0 , 2.418 , 20.76 , 0.456
54.48 , 25.0 , 2.418 , 20.76 , 0.456
54.58 , 25.0 , 2.396 , 20.747 , 0.456
54.68 , 25.0 , 2.396 , 20.747 , 0.456
54.77 , 25.0 , 2.409 , 20.865 , 0.46
54.88 , 25.0 , 2.409 , 20.865 , 0.46
54.98 , 25.0 , 2.447 , 20.865 , 0.46
55.08 , 25.0 , 2.447 , 20.865 , 0.46
55.19 , 25.0 , 2.432 , 20.97 , 0.46
55.28 , 25.0 , 2.432 , 20.97 , 0.464
55.38 , 25.0 , 2.411 , 21.088 , 0.464
55.48 , 25.0 , 2.437 , 21.061 , 0.464
55.59 , 25.0 , 2.437 , 21.061 , 0.464
55.68 , 25.0 , 2.424 , 21.088 , 0.464
55.78 , 25.0 , 2.424 , 21.088 , 0.468
55.88 , 25.0 , 2.424 , 21.206 , 0.468
55.99 , 25.0 , 2.424 , 21.206 , 0.468
56.08 , 25.0 , 2.441 , 21.324 , 0.468
56.18 , 25.0 , 2.441 , 21.324 , 0.468
56.28 , 25.0 , 2.409 , 21.376 , 0.472
56.39 , 25.0 , 2.409 , 21.376 , 0.472
56.48 , 25.0 , 2.407 , 21.455 , 0.472
56.58 , 25.0 , 2.407 , 21.455 , 0.472
56.68 , 25.0 , 2.42 , 21.546 , 0.472
56.79 , 25.0 , 2.42 , 21.546 , 0.477
56.88 , 25.0 , 2.42 , 21.638 , 0.477
56.98 , 25.0 , 2.42 , 21.638 , 0.477
57.07 , 25.0 , 2.437 , 21.73 , 0.477
57.19 , 25.0 , 2.437 , 21.73 , 0.477
57.28 , 25.0 , 2.424 , 21.651 , 0.481
57.38 , 25.0 , 2.424 , 21.651 , 0.481
57.47 , 25.0 , 2.405 , 21.599 , 0.481
57.59 , 25.0 , 2.418 , 21.822 , 0.481
57.68 , 25.0 , 2.418 , 21.822 , 0.481
57.78 , 25.0 , 2.413 , 21.769 , 0.485
57.87 , 25.0 , 2.413 , 21.769 , 0.485
57.99 , 25.0 , 2.426 , 21.953 , 0.485
58.08 , 25.0 , 2.426 , 21.953 , 0.485
58.18 , 25.0 , 2.42 , 21.94 , 0.485
58.27 , 25.0 , 2.42 , 21.94 , 0.489
58.39 , 25.0 , 2.447 , 22.175 , 0.489
58.48 , 25.0 , 2.447 , 22.175 , 0.489
58.58 , 25.0 , 2.418 , 22.136 , 0.489
58.67 , 25.0 , 2.418 , 22.136 , 0.489
58.79 , 25.0 , 2.432 , 22.11 , 0.493
58.88 , 25.0 , 2.432 , 22.11 , 0.493
58.98 , 25.0 , 2.415 , 21.94 , 0.493
59.07 , 25.0 , 2.415 , 21.94 , 0.493
59.19 , 25.0 , 2.415 , 22.149 , 0.493
59.28 , 25.0 , 2.415 , 22.149 , 0.497
59.38 , 25.0 , 2.415 , 22.228 , 0.497
59.47 , 25.0 , 2.415 , 22.228 , 0.497
59.59 , 25.0 , 2.443 , 22.503 , 0.497
59.68 , 25.0 , 2.443 , 22.503 , 0.497
59.78 , 25.0 , 2.441 , 22.372 , 0.502
59.87 , 25.0 , 2.428 , 22.411 , 0.502
59.98 , 25.0 , 2.428 , 22.411 , 0.502
60.08 , 25.0 , 2.409 , 22.634 , 0.502
60.18 , 25.0 , 2.409 , 22.634 , 0.502
60.27 , 25.0 , 2.398 , 22.818 , 0.506
60.38 , 25.0 , 2.398 , 22.818 , 0.506
60.48 , 25.0 , 2.379 , 22.556 , 0.506
60.58 , 25.0 , 2.379 , 22.556 , 0.506
60.67 , 25.0 , 2.413 , 22.791 , 0.506
60.78 , 25.0 , 2.413 , 22.791 , 0.51
60.88 , 25.0 , 2.398 , 22.791 , 0.51
60.98 , 25.0 , 2.398 , 22.791 , 0.51
61.07 , 25.0 , 2.428 , 22.778 , 0.51
61.18 , 25.0 , 2.428 , 22.778 , 0.51
61.28 , 25.0 , 2.411 , 22.896 , 0.514
61.38 , 25.0 , 2.411 , 22.896 , 0.514
61.49 , 25.0 , 2.43 , 23.171 , 0.514
61.58 , 25.0 , 2.43 , 23.171 , 0.514
61.68 , 25.0 , 2.413 , 22.949 , 0.514
61.78 , 25.0 , 2.413 , 22.949 , 0.518
61.89 , 25.0 , 2.411 , 23.054 , 0.518
61.98 , 25.0 , 2.411 , 23.054 , 0.518
62.08 , 25.0 , 2.424 , 23.132 , 0.518
62.18 , 25.0 , 2.413 , 23.263 , 0.518
62.29 , 25.0 , 2.413 , 23.263 , 0.522
62.38 , 25.0 , 2.411 , 23.198 , 0.522
62.48 , 25.0 , 2.411 , 23.198 , 0.522
62.57 , 25.0 , 2.411 , 23.421 , 0.522
62.69 , 25.0 , 2.411 , 23.421 , 0.522
62.78 , 25.0 , 2.403 , 23.421 , 0.527
62.88 , 25.0 , 2.403 , 23.421 , 0.527
62.97 , 25.0 , 2.422 , 23.381 , 0.527
63.09 , 25.0 , 2.422 , 23.381 , 0.527
63.18 , 25.0 , 2.409 , 23.499 , 0.527
63.28 , 25.0 , 2.409 , 23.499 , 0.531
63.37 , 25.0 , 2.403 , 23.486 , 0.531
63.49 , 25.0 , 2.403 , 23.486 , 0.531
63.58 , 25.0 , 2.42 , 23.604 , 0.531
63.68 , 25.0 , 2.42 , 23.604 , 0.531
63.77 , 25.0 , 2.405 , 23.63 , 0.535
63.89 , 25.0 , 2.405 , 23.63 , 0.535
63.98 , 25.0 , 2.422 , 23.709 , 0.535
64.08 , 25.0 , 2.422 , 23.709 , 0.535
64.17 , 25.0 , 2.428 , 23.866 , 0.535
64.29 , 25.0 , 2.428 , 23.866 , 0.539
64.38 , 25.0 , 2.428 , 23.984 , 0.539
64.48 , 25.0 , 2.396 , 23.853 , 0.539
64.57 , 25.0 , 2.396 , 23.853 , 0.539
64.68 , 25.0 , 2.452 , 24.089 , 0.539
64.78 , 25.0 , 2.452 , 24.089 , 0.543
64.88 , 25.0 , 2.407 , 24.076 , 0.543
64.97 , 25.0 , 2.407 , 24.076 , 0.543
65.09 , 25.0 , 2.413 , 24.063 , 0.543
65.18 , 25.0 , 2.413 , 24.063 , 0.543
65.28 , 25.0 , 2.426 , 24.128 , 0.547
65.37 , 25.0 , 2.426 , 24.128 , 0.547
65.48 , 25.0 , 2.413 , 24.194 , 0.547
65.58 , 25.0 , 2.413 , 24.194 , 0.547
65.68 , 25.0 , 2.42 , 24.377 , 0.547
65.77 , 25.0 , 2.42 , 24.377 , 0.552
65.88 , 25.0 , 2.426 , 24.43 , 0.552
65.98 , 25.0 , 2.426 , 24.43 , 0.552
66.08 , 25.0 , 2.409 , 24.351 , 0.552
66.17 , 25.0 , 2.409 , 24.351 , 0.552
66.28 , 25.0 , 2.396 , 24.587 , 0.556
66.38 , 25.0 , 2.396 , 24.587 , 0.556
66.48 , 25.0 , 2.415 , 24.548 , 0.556
66.57 , 25.0 , 2.411 , 24.744 , 0.556
66.68 , 25.0 , 2.411 , 24.744 , 0.556
66.78 , 25.0 , 2.422 , 24.757 , 0.56
66.88 , 25.0 , 2.422 , 24.757 , 0.56
66.97 , 25.0 , 2.415 , 24.784 , 0.56
67.08 , 25.0 , 2.415 , 24.784 , 0.56
67.18 , 25.0 , 2.424 , 24.81 , 0.56
67.28 , 25.0 , 2.424 , 24.81 , 0.564
67.39 , 25.0 , 2.43 , 24.888 , 0.564
67.48 , 25.0 , 2.43 , 24.888 , 0.564
67.58 , 25.0 , 2.428 , 24.784 , 0.564
67.68 , 25.0 , 2.428 , 24.784 , 0.564
67.79 , 25.0 , 2.405 , 25.059 , 0.568
67.88 , 25.0 , 2.405 , 25.059 , 0.568
67.98 , 25.0 , 2.405 , 24.941 , 0.568
68.07 , 25.0 , 2.405 , 24.941 , 0.568
68.19 , 25.0 , 2.432 , 25.465 , 0.568
68.28 , 25.0 , 2.432 , 25.465 , 0.572
68.38 , 25.0 , 2.418 , 25.255 , 0.572
68.47 , 25.0 , 2.418 , 25.255 , 0.572
68.59 , 25.0 , 2.42 , 25.334 , 0.572
68.68 , 25.0 , 2.42 , 25.334 , 0.572
68.78 , 25.0 , 2.437 , 25.177 , 0.577
68.87 , 25.0 , 2.413 , 25.321 , 0.577
68.99 , 25.0 , 2.413 , 25.321 , 0.577
69.08 , 25.0 , 2.405 , 25.4 , 0.577
69.18 , 25.0 , 2.405 , 25.4 , 0.577
69.27 , 25.0 , 2.403 , 25.635 , 0.581
69.39 , 25.0 , 2.403 , 25.635 , 0.581
69.48 , 25.0 , 2.415 , 25.596 , 0.581
69.58 , 25.0 , 2.415 , 25.596 , 0.581
69.67 , 25.0 , 2.422 , 25.583 , 0.581
69.79 , 25.0 , 2.422 , 25.583 , 0.585
69.88 , 25.0 , 2.422 , 25.675 , 0.585
69.98 , 25.0 , 2.422 , 25.675 , 0.585
70.07 , 25.0 , 2.403 , 25.662 , 0.585
70.19 , 25.0 , 2.403 , 25.662 , 0.585
70.28 , 25.0 , 2.405 , 26.002 , 0.589
70.38 , 25.0 , 2.405 , 26.002 , 0.589
70.47 , 25.0 , 2.405 , 25.832 , 0.589
70.59 , 25.0 , 2.405 , 25.832 , 0.589
70.68 , 25.0 , 2.428 , 25.937 , 0.589
70.78 , 25.0 , 2.428 , 25.937 , 0.593
70.87 , 25.0 , 2.43 , 26.094 , 0.593
70.98 , 25.0 , 2.43 , 26.094 , 0.593
71.08 , 25.0 , 2.424 , 25.871 , 0.593
71.18 , 25.0 , 2.403 , 26.107 , 0.593
71.27 , 25.0 , 2.403 , 26.107 , 0.597
71.38 , 25.0 , 2.418 , 26.238 , 0.597
71.48 , 25.0 , 2.418 , 26.238 , 0.597
71.58 , 25.0 , 2.394 , 26.042 , 0.597
71.67 , 25.0 , 2.394 , 26.042 , 0.597
71.78 , 25.0 , 2.396 , 26.304 , 0.602
71.88 , 25.0 , 2.396 , 26.304 , 0.602
71.98 , 25.0 , 2.409 , 26.251 , 0.602
72.07 , 25.0 , 2.409 , 26.251 , 0.602
72.18 , 25.0 , 2.401 , 26.343 , 0.602
72.28 , 25.0 , 2.401 , 26.343 , 0.606
72.38 , 25.0 , 2.407 , 26.33 , 0.606
72.47 , 25.0 , 2.407 , 26.33 , 0.606
72.58 , 25.0 , 2.396 , 26.382 , 0.606
72.68 , 25.0 , 2.396 , 26.382 , 0.606
72.78 , 25.0 , 2.4 , 26.474 , 0.61
72.89 , 25.0 , 2.4 , 26.474 , 0.61
72.98 , 25.0 , 2.407 , 26.631 , 0.61
73.08 , 25.0 , 2.407 , 26.631 , 0.61
73.18 , 25.0 , 2.39 , 26.697 , 0.61
73.29 , 25.0 , 2.39 , 26.697 , 0.614
73.38 , 25.0 , 2.415 , 26.71 , 0.614
73.48 , 25.0 , 2.422 , 26.854 , 0.614
73.57 , 25.0 , 2.422 , 26.854 , 0.614
73.69 , 25.0 , 2.413 , 26.736 , 0.614
73.78 , 25.0 , 2.413 , 26.736 , 0.618
73.88 , 25.0 , 2.39 , 26.894 , 0.618
73.97 , 25.0 , 2.39 , 26.894 , 0.618
74.09 , 25.0 , 2.417 , 27.156 , 0.618
74.18 , 25.0 , 2.417 , 27.156 , 0.618
74.28 , 25.0 , 2.396 , 27.09 , 0.622
74.37 , 25.0 , 2.396 , 27.09 , 0.622
74.49 , 25.0 , 2.4 , 27.169 , 0.622
74.58 , 25.0 , 2.4 , 27.169 , 0.622
74.68 , 25.0 , 2.415 , 27.195 , 0.622
74.77 , 25.0 , 2.415 , 27.195 , 0.627
74.89 , 25.0 , 2.405 , 27.143 , 0.627
74.98 , 25.0 , 2.405 , 27.143 , 0.627
75.08 , 25.0 , 2.409 , 27.182 , 0.627
75.17 , 25.0 , 2.409 , 27.182 , 0.627
75.29 , 25.0 , 2.42 , 27.261 , 0.631
75.38 , 25.0 , 2.42 , 27.261 , 0.631
75.48 , 25.0 , 2.396 , 27.444 , 0.631
75.57 , 25.0 , 2.396 , 27.444 , 0.631
75.69 , 25.0 , 2.405 , 27.431 , 0.631
75.78 , 25.0 , 2.398 , 27.654 , 0.635
75.88 , 25.0 , 2.398 , 27.654 , 0.635
75.97 , 25.0 , 2.413 , 27.536 , 0.635
76.09 , 25.0 , 2.413 , 27.536 , 0.635
76.18 , 25.0 , 2.383 , 27.811 , 0.635
76.28 , 25.0 , 2.383 , 27.811 , 0.639
76.37 , 25.0 , 2.413 , 27.601 , 0.639
76.48 , 25.0 , 2.413 , 27.601 , 0.639
76.58 , 25.0 , 2.415 , 27.732 , 0.639
76.68 , 25.0 , 2.415 , 27.732 , 0.639
76.77 , 25.0 , 2.407 , 27.772 , 0.643
76.88 , 25.0 , 2.407 , 27.772 , 0.643
76.98 , 25.0 , 2.4 , 28.047 , 0.643
77.08 , 25.0 , 2.4 , 28.047 , 0.643
77.17 , 25.0 , 2.394 , 28.008 , 0.643
77.28 , 25.0 , 2.394 , 28.008 , 0.647
77.38 , 25.0 , 2.39 , 28.099 , 0.647
77.48 , 25.0 , 2.39 , 28.099 , 0.647
77.57 , 25.0 , 2.415 , 28.099 , 0.647
77.68 , 25.0 , 2.415 , 28.099 , 0.647
77.78 , 25.0 , 2.413 , 28.086 , 0.651
77.88 , 25.0 , 2.409 , 28.257 , 0.651
77.99 , 25.0 , 2.409 , 28.257 , 0.651
78.08 , 25.0 , 2.39 , 28.348 , 0.651
78.18 , 25.0 , 2.39 , 28.348 , 0.651
78.28 , 25.0 , 2.42 , 28.217 , 0.656
78.39 , 25.0 , 2.42 , 28.217 , 0.656
78.48 , 25.0 , 2.39 , 28.466 , 0.656
78.58 , 25.0 , 2.39 , 28.466 , 0.656
78.68 , 25.0 , 2.413 , 28.519 , 0.656
78.79 , 25.0 , 2.413 , 28.519 , 0.66
78.88 , 25.0 , 2.403 , 28.401 , 0.66
78.98 , 25.0 , 2.403 , 28.401 , 0.66
79.07 , 25.0 , 2.386 , 28.545 , 0.66
79.19 , 25.0 , 2.386 , 28.545 , 0.66
79.28 , 25.0 , 2.409 , 28.545 , 0.664
79.38 , 25.0 , 2.409 , 28.545 , 0.664
79.47 , 25.0 , 2.394 , 28.676 , 0.664
79.59 , 25.0 , 2.394 , 28.676 , 0.664
79.68 , 25.0 , 2.405 , 28.82 , 0.664
79.78 , 25.0 , 2.405 , 28.82 , 0.668
79.87 , 25.0 , 2.407 , 28.899 , 0.668
79.99 , 25.0 , 2.407 , 28.899 , 0.668
80.08 , 25.0 , 2.4 , 28.794 , 0.668
80.18 , 25.0 , 2.434 , 28.925 , 0.668
80.27 , 25.0 , 2.434 , 28.925 , 0.672
80.39 , 25.0 , 2.383 , 28.899 , 0.672
80.48 , 25.0 , 2.383 , 28.899 , 0.672
80.58 , 25.0 , 2.42 , 29.109 , 0.672
80.67 , 25.0 , 2.42 , 29.109 , 0.672
80.79 , 25.0 , 2.411 , 29.069 , 0.676
80.88 , 25.0 , 2.411 , 29.069 , 0.676
80.98 , 25.0 , 2.409 , 29.109 , 0.676
81.07 , 25.0 , 2.409 , 29.109 , 0.676
81.19 , 25.0 , 2.422 , 29.358 , 0.676
81.28 , 25.0 , 2.422 , 29.358 , 0.681
81.38 , 25.0 , 2.381 , 29.253 , 0.681
81.47 , 25.0 , 2.381 , 29.253 , 0.681
81.59 , 25.0 , 2.4 , 29.305 , 0.681
81.68 , 25.0 , 2.4 , 29.305 , 0.681
81.78 , 25.0 , 2.388 , 29.384 , 0.685
81.87 , 25.0 , 2.388 , 29.384 , 0.685
81.99 , 25.0 , 2.398 , 29.476 , 0.685
82.08 , 25.0 , 2.398 , 29.476 , 0.685
82.18 , 25.0 , 2.392 , 29.449 , 0.685
82.27 , 25.0 , 2.392 , 29.449 , 0.689
82.38 , 25.0 , 2.39 , 29.58 , 0.689
82.48 , 25.0 , 2.428 , 29.672 , 0.689
82.58 , 25.0 , 2.428 , 29.672 , 0.689
82.67 , 25.0 , 2.411 , 29.725 , 0.689
82.78 , 25.0 , 2.411 , 29.725 , 0.693
82.88 , 25.0 , 2.392 , 29.58 , 0.693
82.98 , 25.0 , 2.392 , 29.58 , 0.693
83.07 , 25.0 , 2.405 , 29.895 , 0.693
83.18 , 25.0 , 2.405 , 29.895 , 0.693
83.28 , 25.0 , 2.394 , 29.79 , 0.697
83.38 , 25.0 , 2.394 , 29.79 , 0.697
83.49 , 25.0 , 2.405 , 29.934 , 0.697
83.58 , 25.0 , 2.405 , 29.934 , 0.697
83.68 , 25.0 , 2.422 , 30.052 , 0.697
83.78 , 25.0 , 2.422 , 30.052 , 0.701
83.89 , 25.0 , 2.405 , 30.078 , 0.701
83.98 , 25.0 , 2.405 , 30.078 , 0.701
84.08 , 25.0 , 2.413 , 30.249 , 0.701
84.18 , 25.0 , 2.413 , 30.249 , 0.701
84.29 , 25.0 , 2.388 , 30.052 , 0.701
84.38 , 25.0 , 2.388 , 30.052 , 0.701
84.48 , 25.0 , 2.392 , 29.96 , 0.701
84.58 , 25.0 , 2.422 , 29.947 , 0.701
84.69 , 25.0 , 2.422 , 29.947 , 0.701
84.78 , 25.0 , 2.413 , 30.118 , 0.701
84.88 , 25.0 , 2.413 , 30.118 , 0.701
84.97 , 25.0 , 2.409 , 29.803 , 0.701
85.09 , 25.0 , 2.409 , 29.803 , 0.701
85.18 , 25.0 , 2.4 , 29.974 , 0.701
85.28 , 25.0 , 2.4 , 29.974 , 0.701
85.37 , 25.0 , 2.405 , 30.052 , 0.701
85.49 , 25.0 , 2.405 , 30.052 , 0.701
85.58 , 25.0 , 2.417 , 29.921 , 0.701
85.68 , 25.0 , 2.417 , 29.921 , 0.701
85.77 , 25.0 , 2.386 , 29.96 , 0.701
85.89 , 25.0 , 2.386 , 29.96 , 0.701
85.98 , 25.0 , 2.411 , 29.698 , 0.701
86.08 , 25.0 , 2.411 , 29.698 , 0.701
86.17 , 25.0 , 2.371 , 29.842 , 0.701
86.29 , 25.0 , 2.371 , 29.842 , 0.701
86.38 , 25.0 , 2.398 , 29.633 , 0.701
86.48 , 25.0 , 2.398 , 29.633 , 0.701
86.57 , 25.0 , 2.396 , 29.593 , 0.701
86.69 , 25.0 , 2.396 , 29.593 , 0.701
86.78 , 25.0 , 2.388 , 29.79 , 0.701
86.88 , 25.0 , 2.394 , 29.58 , 0.701
86.97 , 25.0 , 2.394 , 29.58 , 0.701
87.09 , 25.0 , 2.409 , 29.515 , 0.701
87.18 , 25.0 , 2.409 , 29.515 , 0.701
87.28 , 25.0 , 2.386 , 29.449 , 0.701
87.37 , 25.0 , 2.386 , 29.449 , 0.701
87.49 , 25.0 , 2.394 , 29.528 , 0.701
87.58 , 25.0 , 2.394 , 29.528 , 0.701
87.68 , 25.0 , 2.383 , 29.371 , 0.701
87.77 , 25.0 , 2.383 , 29.371 , 0.701
87.88 , 25.0 , 2.388 , 29.2 , 0.701
87.98 , 25.0 , 2.388 , 29.2 , 0.701
