0.09 , -0.0 , -0.009 , 32.844 , 61.75
0.21 , -0.0 , -0.021 , 33.027 , 61.75
0.3 , -0.0 , -0.004 , 32.935 , 61.75
0.4 , -0.0 , -0.004 , 32.935 , 61.75
0.49 , -0.0 , -0.002 , 32.975 , 61.75
0.61 , -0.0 , -0.017 , 32.922 , 61.75
0.7 , -0.0 , -0.017 , 32.922 , 61.75
0.8 , -0.0 , -0.004 , 32.988 , 61.75
0.89 , -0.0 , -0.004 , 32.922 , 61.75
1.0 , -0.0 , -0.009 , 32.949 , 61.75
1.1 , -0.0 , -0.009 , 32.949 , 61.75
1.2 , -0.0 , -0.009 , 32.935 , 61.75
1.29 , -0.0 , -0.002 , 33.119 , 61.75
1.4 , -0.0 , -0.002 , 33.119 , 61.75
1.5 , -0.0 , -0.011 , 32.896 , 61.75
1.6 , -0.0 , -0.002 , 32.962 , 61.75
1.71 , -0.0 , -0.002 , 32.962 , 61.75
1.8 , -0.0 , -0.011 , 32.935 , 61.75
1.9 , -0.0 , 0.002 , 33.014 , 61.75
2.0 , -0.0 , -0.009 , 32.975 , 61.75
2.11 , -0.0 , -0.009 , 32.975 , 61.75
2.2 , -0.0 , -0.004 , 32.975 , 61.75
2.3 , -0.0 , -0.002 , 32.922 , 61.75
2.39 , -0.0 , -0.002 , 32.922 , 61.75
2.51 , -0.0 , -0.002 , 32.935 , 61.75
2.6 , -0.0 , 0.004 , 32.975 , 61.75
2.7 , -0.0 , -0.011 , 32.935 , 61.75
2.79 , -0.0 , -0.011 , 32.935 , 61.75
2.91 , -0.0 , -0.004 , 33.014 , 61.75
3.0 , -0.0 , -0.013 , 32.935 , 61.75
3.1 , -0.0 , -0.013 , 32.935 , 61.75
3.19 , -0.0 , -0.015 , 33.04 , 61.75
3.31 , -0.0 , 0.002 , 33.08 , 61.75
3.4 , -0.0 , 0.002 , 33.08 , 61.75
3.5 , -0.0 , -0.013 , 32.818 , 61.75
3.59 , -0.0 , -0.006 , 33.08 , 61.75
3.7 , -0.0 , 0.006 , 32.857 , 61.75
3.8 , -0.0 , 0.006 , 32.857 , 61.75
3.9 , -0.0 , 0.002 , 33.027 , 61.75
4.01 , -0.0 , -0.004 , 33.132 , 61.75
4.1 , -0.0 , -0.004 , 33.132 , 61.75
4.2 , -0.0 , -0.006 , 32.988 , 61.75
4.3 , -0.0 , 0.004 , 33.001 , 61.75
4.41 , -0.0 , -0.006 , 32.935 , 61.75
4.5 , -0.0 , -0.006 , 32.935 , 61.75
4.6 , -0.0 , -0.011 , 32.765 , 61.75
4.69 , -0.0 , -0.013 , 33.053 , 61.75
4.81 , -0.0 , -0.013 , 33.053 , 61.75
4.9 , -0.0 , 0.004 , 32.791 , 61.75
5.0 , -0.0 , 0.004 , 32.883 , 61.75
5.09 , -0.0 , 0.004 , 32.883 , 61.75
5.21 , -0.0 , -0.013 , 32.909 , 61.75
5.3 , -0.0 , -0.004 , 32.739 , 61.75
5.4 , -0.0 , -0.004 , 32.87 , 61.75
5.49 , -0.0 , -0.004 , 32.87 , 61.75
5.6 , -0.0 , 0.13 , 33.027 , 61.75
5.7 , -0.0 , 2.48 , 32.896 , 61.75
5.8 , -0.0 , 2.48 , 32.896 , 61.75
5.89 , -0.0 , 5.212 , 32.962 , 61.75
6.0 , -0.0 , 7.906 , 32.804 , 61.75
6.1 , -0.0 , 9.933 , 33.001 , 61.75
6.2 , -0.0 , 9.933 , 33.001 , 61.75
6.31 , -0.0 , 10.949 , 32.857 , 61.75
6.4 , -0.0 , 8.874 , 32.935 , 61.75
6.5 , -0.0 , 8.874 , 32.935 , 61.75
6.6 , -0.0 , 2.816 , 32.857 , 61.75
6.71 , -0.0 , 0.013 , 32.962 , 61.75
6.8 , -0.0 , -0.004 , 32.831 , 61.75
6.9 , -0.0 , -0.004 , 32.831 , 61.75
6.99 , -0.0 , -0.002 , 33.145 , 61.75
7.11 , -0.0 , -0.009 , 33.04 , 61.75
7.2 , -0.0 , -0.009 , 33.04 , 61.75
7.3 , -0.0 , -0.009 , 32.791 , 61.75
7.39 , -0.0 , -0.004 , 33.158 , 61.75
7.51 , -0.0 , -0.004 , 33.158 , 61.75
7.6 , -0.0 , -0.006 , 32.857 , 61.75
7.7 , -0.0 , -0.002 , 32.922 , 61.75
7.79 , -0.0 , -0.006 , 32.909 , 61.75
7.91 , -0.0 , -0.006 , 32.909 , 61.75
8.0 , -0.0 , -0.015 , 32.962 , 61.75
8.1 , -0.0 , 0.923 , 32.818 , 61.75
8.19 , -0.0 , 0.923 , 32.818 , 61.75
8.3 , -0.0 , 2.72 , 32.922 , 61.75
8.4 , -0.0 , 4.736 , 33.001 , 61.75
8.5 , -0.0 , 6.02 , 32.975 , 61.75
8.59 , -0.0 , 6.02 , 32.975 , 61.75
8.7 , -0.0 , 7.328 , 32.831 , 61.75
8.8 , -0.0 , 8.902 , 32.975 , 61.75
8.9 , -0.0 , 8.902 , 32.975 , 61.75
9.01 , -0.0 , 9.544 , 33.014 , 61.75
9.1 , -0.0 , 8.094 , 32.896 , 61.75
9.2 , -0.0 , 8.094 , 32.896 , 61.75
9.29 , -0.0 , 4.749 , 32.896 , 61.75
9.41 , -0.0 , 0.047 , 33.053 , 61.75
9.5 , -0.0 , -0.004 , 32.857 , 61.75
9.6 , -0.0 , -0.004 , 32.857 , 61.75
9.69 , -0.0 , -0.009 , 32.935 , 61.75
9.81 , -0.0 , -0.006 , 32.844 , 61.75
9.9 , -0.0 , -0.006 , 32.844 , 61.75
10.0 , -0.0 , -0.0 , 33.106 , 61.75
10.09 , -0.0 , -0.011 , 33.04 , 61.75
10.21 , -0.0 , 0.004 , 32.857 , 61.75
10.3 , -0.0 , 0.004 , 32.857 , 61.75
10.4 , -0.0 , -0.011 , 32.909 , 61.75
10.49 , -0.0 , -0.004 , 32.922 , 61.75
10.6 , -0.0 , -0.004 , 32.922 , 61.75
10.7 , -0.0 , -0.0 , 33.145 , 61.75
10.8 , -0.0 , -0.017 , 33.145 , 61.75
10.89 , -0.0 , -0.017 , 33.145 , 61.75
11.0 , -0.0 , -0.006 , 33.067 , 61.75
11.1 , -0.0 , -0.006 , 33.001 , 61.75
11.2 , -0.0 , 0.006 , 32.949 , 61.75
11.31 , -0.0 , 0.006 , 32.949 , 61.75
11.4 , -0.0 , -0.011 , 32.883 , 61.75
11.5 , -0.0 , 0.002 , 32.896 , 61.75
11.59 , -0.0 , 0.002 , 32.896 , 61.75
11.71 , -0.0 , -0.004 , 33.027 , 61.75
11.8 , -0.0 , -0.002 , 32.935 , 61.75
11.9 , -0.0 , -0.004 , 32.935 , 61.75
11.99 , -0.0 , -0.004 , 32.935 , 61.75
12.11 , -0.0 , -0.009 , 32.909 , 61.75
12.2 , -0.0 , -0.004 , 33.08 , 61.75
12.3 , -0.0 , -0.004 , 33.08 , 61.75
12.39 , -0.0 , -0.006 , 32.752 , 61.75
12.51 , -0.0 , -0.011 , 33.04 , 61.75
12.6 , -0.0 , -0.011 , 33.04 , 61.75
12.7 , -0.0 , -0.0 , 32.935 , 61.75
12.79 , -0.0 , -0.011 , 32.949 , 61.75
12.9 , -0.0 , -0.002 , 32.962 , 61.75
13.0 , -0.0 , -0.002 , 32.962 , 61.75
13.1 , -0.0 , -0.011 , 32.975 , 61.75
13.19 , -0.0 , -0.004 , 32.988 , 61.75
13.3 , -0.0 , -0.004 , 32.988 , 61.75
13.4 , -0.0 , -0.004 , 32.831 , 61.75
13.5 , -0.0 , -0.006 , 32.844 , 61.75
13.59 , -0.0 , -0.002 , 33.014 , 61.75
13.7 , -0.0 , -0.002 , 33.014 , 61.75
13.8 , -0.0 , -0.006 , 33.027 , 61.75
13.89 , -0.0 , -0.006 , 33.001 , 61.75
14.01 , -0.0 , -0.006 , 33.001 , 61.75
14.1 , -0.0 , -0.002 , 33.04 , 61.75
14.2 , -0.0 , -0.013 , 32.975 , 61.75
14.29 , -0.0 , -0.004 , 32.883 , 61.75
14.41 , -0.0 , -0.004 , 32.883 , 61.75
14.5 , -0.0 , -0.0 , 33.067 , 61.75
14.6 , -0.0 , -0.009 , 33.001 , 61.75
14.69 , -0.0 , -0.009 , 33.001 , 61.75
14.81 , -0.0 , -0.004 , 33.014 , 61.75
14.9 , -0.0 , -0.009 , 32.935 , 61.75
15.0 , -0.0 , -0.009 , 32.935 , 61.75
15.09 , -0.0 , -0.011 , 32.844 , 61.75
15.2 , -0.0 , -0.006 , 32.975 , 61.75
15.3 , -0.0 , -0.006 , 33.04 , 61.75
15.4 , -0.0 , -0.006 , 33.04 , 61.75
15.49 , -0.0 , -0.004 , 32.962 , 61.75
15.6 , -0.0 , -0.006 , 33.067 , 61.75
15.7 , -0.0 , -0.006 , 33.067 , 61.75
15.8 , -0.0 , -0.0 , 32.975 , 61.75
15.91 , -0.0 , -0.017 , 33.014 , 61.75
16.0 , -0.0 , -0.002 , 32.831 , 61.75
16.1 , -0.0 , -0.002 , 32.831 , 61.75
16.19 , -0.0 , -0.002 , 33.119 , 61.75
16.31 , -0.0 , -0.0 , 33.158 , 61.75
16.4 , -0.0 , -0.0 , 33.158 , 61.75
16.5 , -0.0 , -0.009 , 32.962 , 61.75
16.59 , -0.0 , -0.011 , 33.067 , 61.75
16.71 , -0.0 , -0.011 , 33.067 , 61.75
16.8 , -0.0 , -0.0 , 32.857 , 61.75
16.9 , -0.0 , -0.011 , 33.106 , 61.75
16.99 , -0.0 , -0.009 , 33.067 , 61.75
17.11 , -0.0 , -0.009 , 33.067 , 61.75
17.2 , -0.0 , -0.006 , 33.04 , 61.75
17.3 , -0.0 , -0.004 , 33.053 , 61.75
17.39 , -0.0 , -0.004 , 33.053 , 61.75
17.5 , -0.0 , -0.004 , 32.975 , 61.75
