ech2
long
Time , Disp, Load , Pressure, Volume
0.09 , 3.023 , -0.001 , -5.858 , 61.75
0.2 , 3.085 , -0.012 , -5.898 , 61.75
0.29 , 3.148 , -0.012 , -5.898 , 61.75
0.42 , 3.234 , -0.01 , -6.016 , 61.75
0.49 , 3.273 , -0.008 , -6.016 , 61.75
0.6 , 3.336 , -0.008 , -6.016 , 61.75
0.71 , 3.413 , -0.001 , -6.029 , 61.75
0.79 , 3.46 , -0.01 , -6.055 , 61.75
0.88 , 3.523 , -0.021 , -6.173 , 61.75
1.01 , 3.603 , -0.021 , -6.173 , 61.75
1.09 , 3.648 , -0.014 , -6.278 , 61.75
1.19 , 3.711 , -0.008 , -6.186 , 61.75
1.32 , 3.792 , -0.008 , -6.186 , 61.75
1.4 , 3.835 , -0.006 , -6.16 , 61.75
1.49 , 3.898 , -0.012 , -6.383 , 61.75
1.62 , 3.982 , -0.012 , -6.383 , 61.75
1.68 , 4.023 , -0.008 , -6.343 , 61.75
1.79 , 4.085 , -0.004 , -6.383 , 61.75
1.91 , 4.162 , -0.01 , -6.343 , 61.75
1.99 , 4.211 , -0.01 , -6.343 , 61.75
2.1 , 4.274 , -0.008 , -6.396 , 61.75
2.21 , 4.351 , -0.016 , -6.553 , 61.75
2.29 , 4.398 , -0.016 , -6.553 , 61.75
2.39 , 4.461 , -0.006 , -6.605 , 61.75
2.51 , 4.541 , 0.001 , -6.474 , 61.75
2.59 , 4.585 , -0.008 , -6.658 , 61.75
2.69 , 4.648 , -0.008 , -6.658 , 61.75
2.82 , 4.731 , -0.008 , -6.632 , 61.75
2.9 , 4.773 , -0.006 , -6.409 , 61.75
2.99 , 4.836 , -0.006 , -6.409 , 61.75
3.12 , 4.921 , -0.004 , -6.71 , 61.75
3.18 , 4.96 , -0.014 , -6.566 , 61.75
3.3 , 5.023 , -0.014 , -6.566 , 61.75
3.41 , 5.1 , -0.012 , -6.776 , 61.75
3.49 , 5.148 , -0.018 , -6.776 , 61.75
3.58 , 5.211 , -0.004 , -6.868 , 61.75
3.71 , 5.29 , -0.004 , -6.868 , 61.75
3.79 , 5.335 , -0.01 , -6.881 , 61.75
3.89 , 5.398 , -0.008 , -6.841 , 61.75
4.02 , 5.48 , -0.008 , -6.841 , 61.75
4.1 , 5.523 , -0.016 , -6.776 , 61.75
4.19 , 5.585 , -0.001 , -6.868 , 61.75
4.32 , 5.669 , 0.001 , -7.169 , 61.75
4.38 , 5.711 , 0.001 , -7.169 , 61.75
4.49 , 5.773 , -0.012 , -7.038 , 61.75
4.61 , 5.849 , -0.008 , -7.09 , 61.75
4.69 , 5.898 , -0.008 , -7.09 , 61.75
4.8 , 5.961 , -0.01 , -7.051 , 61.75
4.91 , 6.039 , -0.008 , -7.169 , 61.75
4.99 , 6.085 , -0.008 , -7.169 , 61.75
5.09 , 6.148 , -0.004 , -7.051 , 61.75
5.21 , 6.228 , -0.001 , -7.09 , 61.75
5.29 , 6.273 , 0.003 , -7.208 , 61.75
5.39 , 6.335 , 0.003 , -7.208 , 61.75
5.5 , 6.408 , -0.014 , -7.366 , 61.75
5.6 , 6.461 , -0.01 , -7.366 , 61.75
5.69 , 6.523 , -0.01 , -7.366 , 61.75
5.82 , 6.608 , 0.005 , -7.248 , 61.75
5.88 , 6.648 , 0.003 , -7.274 , 61.75
6.0 , 6.711 , -0.014 , -7.444 , 61.75
6.11 , 6.787 , -0.014 , -7.444 , 61.75
6.19 , 6.835 , -0.001 , -7.418 , 61.75
6.28 , 6.898 , -0.012 , -7.405 , 61.75
6.4 , 6.967 , -0.012 , -7.405 , 61.75
6.49 , 7.023 , -0.01 , -7.405 , 61.75
6.59 , 7.086 , 0.001 , -7.641 , 61.75
6.71 , 7.167 , -0.018 , -7.47 , 61.75
6.79 , 7.211 , -0.018 , -7.47 , 61.75
6.89 , 7.273 , -0.008 , -7.615 , 61.75
7.02 , 7.357 , -0.001 , -7.575 , 61.75
7.08 , 7.398 , -0.001 , -7.575 , 61.75
7.19 , 7.46 , 0.011 , -7.588 , 61.75
7.31 , 7.536 , -0.004 , -7.851 , 61.75
7.39 , 7.586 , -0.004 , -7.851 , 61.75
7.5 , 7.648 , -0.008 , -7.654 , 61.75
7.61 , 7.726 , -0.001 , -7.641 , 61.75
7.69 , 7.773 , -0.004 , -7.654 , 61.75
7.78 , 7.836 , -0.004 , -7.654 , 61.75
7.91 , 7.916 , -0.006 , -7.759 , 61.75
7.99 , 7.961 , -0.014 , -7.772 , 61.75
8.09 , 8.023 , -0.014 , -7.772 , 61.75
8.22 , 8.105 , 0.003 , -7.942 , 61.75
8.3 , 8.148 , -0.001 , -7.798 , 61.75
8.39 , 8.211 , -0.01 , -8.008 , 61.75
8.52 , 8.295 , -0.01 , -8.008 , 61.75
8.58 , 8.335 , 0.005 , -7.982 , 61.75
8.69 , 8.398 , -0.012 , -7.995 , 61.75
8.81 , 8.475 , -0.012 , -7.995 , 61.75
8.89 , 8.523 , 0.001 , -7.811 , 61.75
9.0 , 8.586 , -0.006 , -8.06 , 61.75
9.11 , 8.664 , -0.006 , -8.06 , 61.75
9.19 , 8.71 , -0.008 , -7.982 , 61.75
9.29 , 8.773 , -0.01 , -8.008 , 61.75
9.41 , 8.854 , -0.001 , -7.877 , 61.75
9.49 , 8.898 , -0.001 , -7.877 , 61.75
9.59 , 8.96 , -0.014 , -7.955 , 61.75
9.72 , 9.044 , -0.008 , -8.165 , 61.75
9.8 , 9.085 , -0.008 , -8.165 , 61.75
9.89 , 9.148 , -0.004 , -8.27 , 61.75
10.02 , 9.233 , -0.006 , -8.152 , 61.75
10.1 , 9.276 , -0.006 , -8.152 , 61.75
10.2 , 9.335 , -0.006 , -8.296 , 61.75
10.32 , 9.423 , 0.005 , -8.244 , 61.75
10.39 , 9.461 , -0.008 , -8.322 , 61.75
10.48 , 9.523 , -0.008 , -8.322 , 61.75
10.61 , 9.603 , 0.001 , -8.322 , 61.75
10.69 , 9.648 , -0.008 , -8.283 , 61.75
10.79 , 9.71 , -0.008 , -8.283 , 61.75
10.92 , 9.792 , -0.004 , -8.388 , 61.75
11.0 , 9.835 , 0.003 , -8.27 , 61.75
11.09 , 9.898 , -0.018 , -8.362 , 61.75
11.22 , 9.982 , -0.018 , -8.362 , 61.75
11.28 , 10.023 , -0.014 , -8.335 , 61.75
11.39 , 10.086 , 0.009 , -8.362 , 61.75
11.51 , 10.162 , 0.009 , -8.362 , 61.75
11.59 , 10.211 , -0.012 , -8.506 , 61.75
11.7 , 10.273 , 0.003 , -8.611 , 61.75
11.79 , 10.341 , -0.006 , -8.388 , 61.75
11.89 , 10.398 , -0.006 , -8.388 , 61.75
11.99 , 10.461 , -0.004 , -8.663 , 61.75
12.11 , 10.541 , -0.01 , -8.519 , 61.75
12.19 , 10.585 , -0.01 , -8.519 , 61.75
12.29 , 10.648 , -0.006 , -8.571 , 61.75
12.42 , 10.731 , -0.012 , -8.598 , 61.75
12.5 , 10.773 , -0.012 , -8.611 , 61.75
12.59 , 10.835 , -0.012 , -8.611 , 61.75
12.72 , 10.92 , -0.018 , -8.545 , 61.75
12.78 , 10.961 , -0.008 , -8.624 , 61.75
12.9 , 11.023 , -0.008 , -8.624 , 61.75
13.01 , 11.1 , 0.001 , -8.598 , 61.75
13.09 , 11.148 , -0.004 , -8.781 , 61.75
13.18 , 11.21 , -0.004 , -8.781 , 61.75
13.31 , 11.29 , 0.007 , -8.729 , 61.75
13.39 , 11.336 , -0.01 , -8.82 , 61.75
13.49 , 11.398 , 0.003 , -8.807 , 61.75
13.61 , 11.479 , 0.003 , -8.807 , 61.75
13.69 , 11.523 , -0.008 , -8.86 , 61.75
13.79 , 11.586 , -0.016 , -8.65 , 61.75
13.92 , 11.668 , -0.016 , -8.65 , 61.75
14.0 , 11.71 , -0.014 , -8.781 , 61.75
14.09 , 11.773 , -0.014 , -8.925 , 61.75
14.21 , 11.849 , 0.001 , -8.938 , 61.75
14.29 , 11.898 , 0.001 , -8.938 , 61.75
14.4 , 11.96 , -0.008 , -8.729 , 61.75
14.51 , 12.039 , -0.001 , -8.965 , 61.75
14.59 , 12.085 , -0.001 , -8.965 , 61.75
14.68 , 12.148 , 0.003 , -8.899 , 61.75
14.81 , 12.228 , -0.004 , -8.912 , 61.75
14.89 , 12.273 , -0.004 , -8.912 , 61.75
14.99 , 12.335 , -0.012 , -9.017 , 61.75
15.12 , 12.418 , -0.004 , -8.991 , 61.75
15.2 , 12.46 , -0.004 , -8.991 , 61.75
15.29 , 12.523 , -0.004 , -8.991 , 61.75
15.42 , 12.608 , 0.001 , -9.214 , 61.75
15.48 , 12.648 , 0.001 , -9.082 , 61.75
15.6 , 12.71 , 0.001 , -9.082 , 61.75
15.71 , 12.787 , -0.014 , -9.174 , 61.75
15.79 , 12.836 , -0.016 , -9.227 , 61.75
15.88 , 12.898 , -0.008 , -9.24 , 61.75
16.01 , 12.977 , -0.008 , -9.24 , 61.75
16.09 , 13.023 , -0.008 , -9.214 , 61.75
16.19 , 13.085 , -0.006 , -9.135 , 61.75
16.31 , 13.167 , -0.006 , -9.135 , 61.75
16.39 , 13.21 , -0.01 , -9.214 , 61.75
16.49 , 13.273 , -0.008 , -9.449 , 61.75
16.6 , 13.346 , -0.008 , -9.449 , 61.75
16.7 , 13.398 , -0.001 , -9.41 , 61.75
16.79 , 13.46 , 0.007 , -9.515 , 61.75
16.91 , 13.536 , 0.007 , -9.305 , 61.75
16.98 , 13.585 , 0.007 , -9.305 , 61.75
17.1 , 13.648 , 0.011 , -9.41 , 61.75
17.22 , 13.735 , -0.001 , -9.292 , 61.75
17.29 , 13.773 , -0.001 , -9.292 , 61.75
17.38 , 13.835 , -0.001 , -9.24 , 61.75
17.51 , 13.915 , 0.009 , -9.436 , 61.75
17.59 , 13.961 , -0.001 , -9.436 , 61.75
17.69 , 14.022 , -0.001 , -9.436 , 61.75
17.82 , 14.105 , -0.001 , -9.227 , 61.75
17.9 , 14.148 , -0.001 , -9.253 , 61.75
17.99 , 14.21 , -0.001 , -9.253 , 61.75
18.12 , 14.295 , 0.001 , -9.358 , 61.75
18.18 , 14.335 , -0.008 , -9.489 , 61.75
18.29 , 14.398 , -0.008 , -9.292 , 61.75
18.41 , 14.474 , -0.008 , -9.292 , 61.75
18.49 , 14.523 , -0.006 , -9.358 , 61.75
18.6 , 14.585 , -0.018 , -9.567 , 61.75
18.71 , 14.664 , -0.018 , -9.567 , 61.75
18.79 , 14.71 , 0.001 , -9.594 , 61.75
18.89 , 14.773 , -0.027 , -9.607 , 61.75
19.01 , 14.854 , -0.027 , -9.607 , 61.75
19.09 , 14.898 , -0.012 , -9.502 , 61.75
19.19 , 14.96 , -0.004 , -9.567 , 61.75
19.32 , 15.043 , -0.01 , -9.423 , 61.75
19.4 , 15.085 , -0.01 , -9.423 , 61.75
19.49 , 15.148 , -0.006 , -9.567 , 61.75
19.62 , 15.233 , -0.014 , -9.62 , 61.75
19.7 , 15.283 , -0.014 , -9.62 , 61.75
19.8 , 15.335 , -0.008 , -9.581 , 61.75
19.92 , 15.423 , -0.006 , -9.672 , 61.75
19.99 , 15.462 , 0.003 , -9.554 , 61.75
20.08 , 15.523 , 0.003 , -9.554 , 61.75
20.21 , 15.602 , -0.014 , -9.607 , 61.75
20.29 , 15.648 , -0.014 , -9.816 , 61.75
20.39 , 15.71 , -0.014 , -9.816 , 61.75
20.52 , 15.792 , -0.001 , -9.83 , 61.75
20.59 , 15.835 , -0.001 , -9.698 , 61.75
20.69 , 15.898 , -0.001 , -9.698 , 61.75
20.82 , 15.982 , -0.008 , -9.738 , 61.75
20.9 , 16.023 , -0.004 , -9.725 , 61.75
20.99 , 16.085 , -0.018 , -9.646 , 61.75
21.12 , 16.171 , -0.018 , -9.646 , 61.75
21.2 , 16.213 , -0.004 , -9.764 , 61.75
21.3 , 16.273 , -0.008 , -9.777 , 61.75
21.43 , 16.361 , -0.008 , -9.777 , 61.75
21.49 , 16.398 , -0.008 , -9.947 , 61.75
21.59 , 16.461 , -0.012 , -9.869 , 61.75
21.71 , 16.541 , -0.006 , -9.659 , 61.75
21.79 , 16.586 , -0.006 , -9.659 , 61.75
21.89 , 16.648 , -0.006 , -10.013 , 61.75
22.02 , 16.73 , -0.01 , -9.974 , 61.75
22.1 , 16.778 , -0.01 , -9.974 , 61.75
22.19 , 16.835 , -0.001 , -9.987 , 61.75
22.32 , 16.92 , -0.016 , -9.961 , 61.75
22.38 , 16.96 , -0.016 , -9.961 , 61.75
22.5 , 17.023 , -0.012 , -9.843 , 61.75
22.61 , 17.1 , -0.01 , -9.895 , 61.75
22.69 , 17.148 , -0.014 , -9.83 , 61.75
22.78 , 17.211 , -0.014 , -9.83 , 61.75
22.91 , 17.289 , -0.006 , -10.039 , 61.75
22.99 , 17.335 , 0.001 , -9.974 , 61.75
23.09 , 17.398 , 0.001 , -9.974 , 61.75
23.21 , 17.479 , -0.008 , -9.869 , 61.75
23.29 , 17.523 , 0.001 , -9.869 , 61.75
23.39 , 17.586 , -0.016 , -9.751 , 61.75
23.52 , 17.669 , -0.016 , -9.751 , 61.75
23.6 , 17.715 , -0.012 , -9.607 , 61.75
23.69 , 17.773 , 0.003 , -9.961 , 61.75
23.82 , 17.859 , 0.003 , -9.961 , 61.75
23.89 , 17.898 , 0.003 , -10.131 , 61.75
24.0 , 17.961 , 0.001 , -10.0 , 61.75
24.11 , 18.038 , -0.023 , -9.895 , 61.75
24.19 , 18.085 , -0.023 , -9.895 , 61.75
24.28 , 18.148 , -0.006 , -9.974 , 61.75
24.41 , 18.228 , -0.004 , -10.144 , 61.75
24.49 , 18.272 , -0.004 , -10.144 , 61.75
24.59 , 18.335 , 0.001 , -10.026 , 61.75
24.7 , 18.407 , -0.008 , -9.987 , 61.75
24.8 , 18.46 , -0.008 , -9.987 , 61.75
24.89 , 18.523 , -0.014 , -10.039 , 61.75
25.02 , 18.607 , -0.012 , -9.882 , 61.75
25.08 , 18.648 , 0.003 , -9.987 , 61.75
25.2 , 18.71 , 0.003 , -9.987 , 61.75
25.31 , 18.787 , -0.006 , -9.947 , 61.75
25.39 , 18.835 , -0.008 , -9.738 , 61.75
25.48 , 18.898 , -0.008 , -9.738 , 61.75
25.61 , 18.976 , -0.004 , -10.616 , 61.75
25.69 , 19.023 , 0.001 , -9.803 , 61.75
25.79 , 19.085 , -0.004 , -9.843 , 61.75
25.91 , 19.166 , -0.004 , -9.843 , 61.75
25.99 , 19.21 , -0.006 , -10.236 , 61.75
26.09 , 19.273 , -0.001 , -10.183 , 61.75
26.22 , 19.356 , -0.001 , -10.183 , 61.75
26.3 , 19.398 , -0.001 , -10.21 , 61.75
26.39 , 19.46 , -0.006 , -10.157 , 61.75
26.52 , 19.546 , -0.006 , -10.157 , 61.75
26.66 , 19.635 , -0.001 , -10.249 , 61.75
26.73 , 19.676 , -0.001 , -10.249 , 61.75
26.81 , 19.725 , -0.006 , -9.974 , 61.75
26.89 , 19.772 , -0.006 , -9.974 , 61.75
26.98 , 19.835 , -0.01 , -10.314 , 61.75
27.11 , 19.915 , -0.004 , -10.275 , 61.75
27.19 , 19.96 , -0.004 , -10.275 , 61.75
27.29 , 20.023 , 0.007 , -9.934 , 61.75
27.42 , 20.104 , -0.012 , -10.236 , 61.75
27.5 , 20.148 , -0.014 , -10.459 , 61.75
27.59 , 20.21 , -0.014 , -10.459 , 61.75
27.7 , 20.284 , -0.018 , -10.0 , 61.75
27.78 , 20.335 , -0.001 , -10.065 , 61.75
27.89 , 20.398 , -0.001 , -10.065 , 61.75
28.01 , 20.474 , -0.01 , -10.131 , 61.75
28.09 , 20.523 , -0.006 , -10.17 , 61.75
28.2 , 20.585 , -0.006 , -10.17 , 61.75
28.31 , 20.664 , 0.001 , -10.092 , 61.75
28.39 , 20.71 , -0.006 , -10.144 , 61.75
28.49 , 20.773 , -0.01 , -10.0 , 61.75
28.61 , 20.853 , -0.01 , -10.0 , 61.75
28.69 , 20.898 , 0.009 , -10.21 , 61.75
28.79 , 20.96 , -0.01 , -10.052 , 61.75
28.92 , 21.043 , -0.01 , -10.052 , 61.75
29.0 , 21.093 , -0.01 , -10.17 , 61.75
29.09 , 21.147 , -0.006 , -9.987 , 61.75
29.22 , 21.233 , -0.008 , -10.079 , 61.75
29.3 , 21.277 , -0.008 , -10.079 , 61.75
29.4 , 21.335 , -0.021 , -10.079 , 61.75
29.52 , 21.422 , -0.008 , -10.065 , 61.75
29.59 , 21.463 , -0.008 , -10.065 , 61.75
29.68 , 21.523 , -0.006 , -10.157 , 61.75
29.81 , 21.602 , -0.016 , -10.197 , 61.75
29.89 , 21.647 , -0.01 , -10.079 , 61.75
29.99 , 21.71 , -0.01 , -10.079 , 61.75
30.11 , 21.792 , -0.008 , -10.092 , 61.75
30.19 , 21.835 , 0.005 , -10.21 , 61.75
30.29 , 21.898 , 0.005 , -10.21 , 61.75
30.4 , 21.971 , -0.008 , -10.197 , 61.75
30.5 , 22.023 , -0.012 , -10.065 , 61.75
30.59 , 22.085 , -0.012 , -10.065 , 61.75
30.72 , 22.171 , -0.008 , -10.0 , 61.75
30.79 , 22.21 , -0.008 , -9.895 , 61.75
30.9 , 22.273 , -0.016 , -10.013 , 61.75
31.01 , 22.351 , -0.016 , -10.013 , 61.75
31.09 , 22.398 , -0.006 , -10.026 , 61.75
31.18 , 22.46 , -0.016 , -10.0 , 61.75
31.31 , 22.541 , -0.016 , -10.0 , 61.75
31.39 , 22.585 , -0.008 , -9.725 , 61.75
31.49 , 22.648 , 0.005 , -10.039 , 61.75
31.62 , 22.73 , -0.006 , -9.79 , 61.75
31.7 , 22.774 , -0.006 , -9.79 , 61.75
31.79 , 22.835 , -0.006 , -9.869 , 61.75
31.9 , 22.91 , -0.006 , -10.013 , 61.75
31.98 , 22.96 , -0.006 , -10.013 , 61.75
32.1 , 23.023 , 0.005 , -9.843 , 61.75
32.19 , 23.09 , -0.004 , -9.764 , 61.75
32.29 , 23.148 , -0.004 , -9.764 , 61.75
32.38 , 23.21 , -0.01 , -9.712 , 61.75
32.51 , 23.289 , 0.003 , -9.659 , 61.75
32.59 , 23.335 , 0.003 , -9.725 , 61.75
32.69 , 23.398 , 0.003 , -9.725 , 61.75
32.81 , 23.479 , -0.004 , -9.79 , 61.75
32.89 , 23.523 , -0.004 , -9.738 , 61.75
32.99 , 23.585 , -0.004 , -9.738 , 61.75
33.12 , 23.669 , 0.003 , -9.607 , 61.75
33.2 , 23.71 , 0.003 , -9.554 , 61.75
33.29 , 23.773 , -0.004 , -9.62 , 61.75
33.41 , 23.848 , -0.004 , -9.62 , 61.75
33.49 , 23.898 , -0.016 , -9.554 , 61.75
33.6 , 23.96 , -0.01 , -9.528 , 61.75
33.69 , 24.027 , -0.01 , -9.528 , 61.75
33.79 , 24.085 , -0.016 , -9.528 , 61.75
33.88 , 24.148 , -0.001 , -9.397 , 61.75
34.01 , 24.228 , -0.001 , -9.397 , 61.75
34.09 , 24.273 , -0.012 , -9.528 , 61.75
34.19 , 24.335 , -0.016 , -9.318 , 61.75
34.32 , 24.417 , -0.001 , -9.345 , 61.75
34.4 , 24.46 , -0.001 , -9.345 , 61.75
34.49 , 24.523 , 0.005 , -9.384 , 61.75
34.62 , 24.607 , -0.01 , -9.384 , 61.75
34.68 , 24.648 , -0.01 , -9.384 , 61.75
34.79 , 24.71 , -0.004 , -9.24 , 61.75
34.91 , 24.787 , -0.001 , -9.227 , 61.75
34.99 , 24.835 , -0.012 , -9.266 , 61.75
35.1 , 24.898 , -0.012 , -9.266 , 61.75
35.21 , 24.977 , -0.012 , -9.332 , 61.75
35.29 , 25.0 , -0.01 , -8.991 , 61.75
35.39 , 25.0 , -0.01 , -8.991 , 61.75
35.5 , 25.0 , -0.004 , -9.279 , 61.75
35.59 , 25.0 , -0.001 , -9.305 , 61.75
35.69 , 25.0 , -0.001 , -9.305 , 61.75
35.79 , 25.0 , 0.001 , -9.423 , 61.75
35.9 , 25.0 , -0.014 , -9.345 , 61.75
35.99 , 25.0 , -0.004 , -9.305 , 61.75
36.09 , 25.0 , -0.004 , -9.305 , 61.75
36.18 , 25.0 , -0.012 , -9.371 , 61.75
36.3 , 25.0 , -0.008 , -9.423 , 61.75
36.39 , 25.0 , -0.008 , -9.423 , 61.75
36.49 , 25.0 , -0.008 , -9.607 , 61.75
36.58 , 25.0 , 0.001 , -9.436 , 61.75
36.7 , 25.0 , -0.016 , -9.2 , 61.75
36.79 , 25.0 , -0.016 , -9.2 , 61.75
36.89 , 25.0 , -0.01 , -9.318 , 61.75
36.98 , 25.0 , -0.004 , -9.515 , 61.75
37.1 , 25.0 , -0.004 , -9.515 , 61.75
37.19 , 25.0 , -0.004 , -9.397 , 61.76
37.29 , 25.0 , 0.005 , -9.594 , 61.76
37.4 , 25.0 , -0.012 , -9.528 , 61.76
37.49 , 25.0 , -0.012 , -9.528 , 61.76
37.59 , 25.0 , -0.004 , -9.489 , 61.76
37.69 , 25.0 , -0.012 , -9.659 , 61.76
37.8 , 25.0 , -0.012 , -9.659 , 61.76
37.89 , 25.0 , 0.005 , -9.436 , 61.76
37.99 , 25.0 , -0.016 , -9.712 , 61.76
38.09 , 25.0 , -0.016 , -9.712 , 61.76
38.2 , 25.0 , -0.001 , -9.816 , 61.76
38.29 , 25.0 , -0.01 , -9.633 , 61.76
38.39 , 25.0 , -0.01 , -9.921 , 61.76
38.48 , 25.0 , -0.01 , -9.921 , 61.76
38.6 , 25.0 , -0.001 , -9.764 , 61.76
38.69 , 25.0 , 0.003 , -9.908 , 61.77
38.79 , 25.0 , 0.003 , -9.908 , 61.77
38.88 , 25.0 , -0.001 , -9.567 , 61.77
39.0 , 25.0 , -0.018 , -9.725 , 61.77
39.09 , 25.0 , -0.01 , -9.738 , 61.77
39.19 , 25.0 , -0.01 , -9.738 , 61.77
39.28 , 25.0 , 0.001 , -9.725 , 61.77
39.4 , 25.0 , -0.006 , -9.567 , 61.77
39.49 , 25.0 , -0.006 , -9.567 , 61.77
39.59 , 25.0 , -0.008 , -9.738 , 61.77
39.68 , 25.0 , -0.008 , -9.659 , 61.78
39.79 , 25.0 , -0.008 , -9.659 , 61.78
39.89 , 25.0 , -0.008 , -9.764 , 61.78
39.99 , 25.0 , -0.006 , -9.882 , 61.78
40.1 , 25.0 , -0.008 , -9.921 , 61.78
40.19 , 25.0 , -0.008 , -9.921 , 61.78
40.29 , 25.0 , 0.005 , -9.79 , 61.78
40.39 , 25.0 , -0.008 , -9.947 , 61.78
40.5 , 25.0 , -0.008 , -9.947 , 61.78
40.59 , 25.0 , -0.01 , -9.843 , 61.78
40.69 , 25.0 , -0.004 , -9.803 , 61.79
40.78 , 25.0 , -0.012 , -9.83 , 61.79
40.9 , 25.0 , -0.012 , -9.83 , 61.79
40.99 , 25.0 , -0.008 , -9.908 , 61.79
41.09 , 25.0 , -0.014 , -9.738 , 61.79
41.18 , 25.0 , -0.014 , -9.738 , 61.79
41.3 , 25.0 , 0.003 , -9.803 , 61.79
41.39 , 25.0 , -0.014 , -9.908 , 61.79
41.49 , 25.0 , -0.014 , -9.908 , 61.79
41.58 , 25.0 , -0.01 , -9.594 , 61.79
41.7 , 25.0 , -0.012 , -9.921 , 61.79
41.79 , 25.0 , -0.016 , -9.934 , 61.79
41.89 , 25.0 , -0.016 , -9.934 , 61.79
41.98 , 25.0 , -0.014 , -9.947 , 61.79
42.09 , 25.0 , -0.004 , -10.026 , 61.79
42.19 , 25.0 , -0.004 , -10.026 , 61.8
42.29 , 25.0 , -0.001 , -9.856 , 61.8
42.4 , 25.0 , -0.01 , -9.843 , 61.8
42.49 , 25.0 , -0.001 , -10.039 , 61.8
42.59 , 25.0 , -0.001 , -10.039 , 61.8
42.69 , 25.0 , -0.006 , -10.026 , 61.8
42.8 , 25.0 , -0.014 , -10.039 , 61.8
42.89 , 25.0 , -0.014 , -10.039 , 61.8
42.99 , 25.0 , -0.008 , -9.843 , 61.8
43.08 , 25.0 , -0.001 , -9.987 , 61.8
43.2 , 25.0 , -0.006 , -9.974 , 61.81
43.29 , 25.0 , -0.006 , -9.974 , 61.81
43.39 , 25.0 , -0.008 , -9.974 , 61.81
43.48 , 25.0 , -0.018 , -10.026 , 61.81
43.6 , 25.0 , -0.018 , -10.026 , 61.81
43.69 , 25.0 , -0.001 , -9.908 , 61.81
43.79 , 25.0 , -0.004 , -9.83 , 61.81
43.88 , 25.0 , -0.004 , -9.83 , 61.81
44.0 , 25.0 , 0.001 , -9.843 , 61.81
44.09 , 25.0 , -0.001 , -9.79 , 61.81
44.19 , 25.0 , 0.001 , -9.751 , 61.81
44.28 , 25.0 , 0.001 , -9.751 , 61.81
44.39 , 25.0 , -0.016 , -10.0 , 61.81
44.49 , 25.0 , 0.003 , -9.83 , 61.81
44.59 , 25.0 , 0.003 , -9.83 , 61.81
44.7 , 25.0 , -0.006 , -9.987 , 61.82
44.79 , 25.0 , -0.016 , -9.974 , 61.82
44.89 , 25.0 , -0.012 , -9.856 , 61.82
44.99 , 25.0 , -0.012 , -9.856 , 61.82
45.1 , 25.0 , -0.006 , -9.869 , 61.82
45.19 , 25.0 , -0.01 , -9.974 , 61.82
45.29 , 25.0 , -0.01 , -9.974 , 61.82
45.38 , 25.0 , -0.01 , -10.0 , 61.82
45.5 , 25.0 , -0.012 , -10.0 , 61.82
45.59 , 25.0 , -0.012 , -10.0 , 61.82
45.69 , 25.0 , -0.001 , -10.026 , 61.83
45.78 , 25.0 , 0.013 , -9.908 , 61.83
45.9 , 25.0 , -0.008 , -9.895 , 61.83
45.99 , 25.0 , -0.008 , -9.895 , 61.83
46.09 , 25.0 , -0.001 , -9.843 , 61.83
46.18 , 25.0 , -0.004 , -9.764 , 61.83
46.3 , 25.0 , -0.004 , -9.764 , 61.83
46.39 , 25.0 , -0.01 , -9.987 , 61.83
46.49 , 25.0 , -0.008 , -10.013 , 61.83
46.6 , 25.0 , -0.014 , -10.065 , 61.83
46.69 , 25.0 , -0.014 , -10.065 , 61.84
46.79 , 25.0 , -0.014 , -9.908 , 61.84
46.89 , 25.0 , -0.004 , -9.934 , 61.84
47.0 , 25.0 , -0.004 , -9.934 , 61.84
47.09 , 25.0 , -0.012 , -9.934 , 61.84
47.19 , 25.0 , -0.014 , -9.908 , 61.84
47.29 , 25.0 , -0.014 , -9.908 , 61.84
47.4 , 25.0 , -0.014 , -10.013 , 61.84
47.49 , 25.0 , -0.016 , -9.79 , 61.84
47.59 , 25.0 , 0.005 , -10.249 , 61.84
47.68 , 25.0 , 0.005 , -10.249 , 61.84
47.8 , 25.0 , 0.003 , -10.065 , 61.84
47.89 , 25.0 , -0.008 , -10.026 , 61.84
47.99 , 25.0 , -0.008 , -10.026 , 61.84
48.08 , 25.0 , -0.001 , -9.83 , 61.84
48.2 , 25.0 , -0.004 , -9.895 , 61.85
48.29 , 25.0 , -0.004 , -10.17 , 61.85
48.39 , 25.0 , -0.004 , -10.17 , 61.85
48.48 , 25.0 , 0.001 , -9.947 , 61.85
48.6 , 25.0 , -0.004 , -9.83 , 61.85
48.69 , 25.0 , -0.004 , -9.83 , 61.85
48.79 , 25.0 , 0.001 , -10.144 , 61.85
48.88 , 25.0 , -0.006 , -10.039 , 61.85
48.99 , 25.0 , -0.006 , -10.013 , 61.85
49.09 , 25.0 , -0.006 , -10.013 , 61.85
49.19 , 25.0 , -0.01 , -9.882 , 61.86
49.3 , 25.0 , 0.001 , -9.895 , 61.86
49.39 , 25.0 , 0.001 , -9.895 , 61.86
49.49 , 25.0 , -0.006 , -10.065 , 61.86
49.59 , 25.0 , 0.003 , -9.83 , 61.86
49.7 , 25.0 , 0.003 , -9.83 , 61.86
49.79 , 25.0 , -0.018 , -9.947 , 61.86
49.89 , 25.0 , 0.001 , -10.065 , 61.86
49.98 , 25.0 , -0.006 , -10.065 , 61.86
50.1 , 25.0 , -0.006 , -10.065 , 61.86
50.19 , 25.0 , -0.008 , -10.197 , 61.86
50.29 , 25.0 , 0.003 , -10.039 , 61.86
50.38 , 25.0 , 0.003 , -10.039 , 61.86
50.5 , 25.0 , -0.012 , -10.039 , 61.86
50.59 , 25.0 , -0.01 , -9.987 , 61.86
50.69 , 25.0 , -0.008 , -10.065 , 61.87
50.78 , 25.0 , -0.008 , -10.065 , 61.87
50.9 , 25.0 , -0.008 , -10.223 , 61.87
50.99 , 25.0 , -0.001 , -10.039 , 61.87
51.09 , 25.0 , -0.001 , -10.039 , 61.87
51.18 , 25.0 , 0.003 , -9.934 , 61.87
51.29 , 25.0 , -0.01 , -10.039 , 61.87
51.39 , 25.0 , -0.01 , -10.039 , 61.87
51.49 , 25.0 , 0.003 , -10.079 , 61.87
51.6 , 25.0 , -0.004 , -10.079 , 61.87
51.69 , 25.0 , 0.005 , -10.026 , 61.88
51.79 , 25.0 , 0.005 , -10.026 , 61.88
51.89 , 25.0 , -0.008 , -10.17 , 61.88
52.0 , 25.0 , 0.007 , -10.157 , 61.88
52.09 , 25.0 , 0.007 , -10.157 , 61.88
52.19 , 25.0 , -0.006 , -10.105 , 61.88
52.28 , 25.0 , -0.014 , -10.197 , 61.88
52.4 , 25.0 , -0.006 , -10.079 , 61.88
52.49 , 25.0 , -0.006 , -10.079 , 61.88
52.59 , 25.0 , -0.004 , -10.105 , 61.88
52.68 , 25.0 , -0.004 , -10.105 , 61.89
52.8 , 25.0 , -0.004 , -10.105 , 61.89
52.89 , 25.0 , 0.001 , -10.026 , 61.89
52.99 , 25.0 , -0.01 , -10.052 , 61.89
53.08 , 25.0 , -0.01 , -10.052 , 61.89
53.2 , 25.0 , -0.004 , -9.987 , 61.89
53.29 , 25.0 , -0.004 , -10.131 , 61.89
53.39 , 25.0 , -0.006 , -9.934 , 61.89
53.48 , 25.0 , -0.006 , -9.934 , 61.89
53.59 , 25.0 , -0.008 , -10.079 , 61.89
53.69 , 25.0 , 0.001 , -10.105 , 61.89
53.79 , 25.0 , 0.001 , -10.105 , 61.89
53.88 , 25.0 , -0.01 , -10.236 , 61.89
53.99 , 25.0 , -0.006 , -10.157 , 61.89
54.09 , 25.0 , -0.012 , -10.197 , 61.89
54.19 , 25.0 , -0.012 , -10.197 , 61.9
54.3 , 25.0 , -0.001 , -9.987 , 61.9
54.39 , 25.0 , -0.006 , -10.183 , 61.9
54.49 , 25.0 , -0.006 , -10.183 , 61.9
54.58 , 25.0 , -0.004 , -9.895 , 61.9
54.7 , 25.0 , -0.004 , -10.0 , 61.9
54.79 , 25.0 , -0.01 , -9.882 , 61.9
54.89 , 25.0 , -0.01 , -9.882 , 61.9
54.98 , 25.0 , -0.008 , -10.118 , 61.9
55.1 , 25.0 , -0.012 , -9.987 , 61.9
55.19 , 25.0 , -0.012 , -9.987 , 61.91
55.29 , 25.0 , -0.006 , -9.974 , 61.91
55.38 , 25.0 , -0.016 , -9.908 , 61.91
55.5 , 25.0 , -0.016 , -9.908 , 61.91
55.59 , 25.0 , 0.003 , -10.092 , 61.91
55.69 , 25.0 , -0.008 , -9.882 , 61.91
55.78 , 25.0 , -0.012 , -9.908 , 61.91
55.89 , 25.0 , -0.012 , -9.908 , 61.91
55.99 , 25.0 , -0.016 , -9.79 , 61.91
56.09 , 25.0 , -0.008 , -9.882 , 61.91
56.18 , 25.0 , -0.008 , -9.882 , 61.91
56.29 , 25.0 , -0.004 , -9.987 , 61.91
56.39 , 25.0 , -0.006 , -10.052 , 61.91
56.49 , 25.0 , -0.01 , -10.013 , 61.91
56.6 , 25.0 , -0.01 , -10.013 , 61.91
56.69 , 25.0 , -0.001 , -10.079 , 61.92
56.79 , 25.0 , -0.008 , -10.039 , 61.92
56.88 , 25.0 , -0.008 , -10.039 , 61.92
57.0 , 25.0 , -0.012 , -10.197 , 61.92
57.09 , 25.0 , -0.004 , -10.052 , 61.92
57.19 , 25.0 , -0.004 , -10.052 , 61.92
57.28 , 25.0 , -0.004 , -10.197 , 61.92
57.4 , 25.0 , -0.004 , -10.354 , 61.92
57.49 , 25.0 , 0.005 , -10.183 , 61.92
57.59 , 25.0 , 0.005 , -10.183 , 61.92
57.68 , 25.0 , -0.001 , -10.092 , 61.93
57.8 , 25.0 , 0.003 , -9.934 , 61.93
57.89 , 25.0 , 0.003 , -9.934 , 61.93
57.99 , 25.0 , -0.012 , -10.118 , 61.93
58.08 , 25.0 , -0.012 , -9.974 , 61.93
58.19 , 25.0 , -0.001 , -9.83 , 61.93
58.29 , 25.0 , -0.001 , -9.83 , 61.93
58.39 , 25.0 , -0.006 , -10.065 , 61.93
58.5 , 25.0 , -0.004 , -9.987 , 61.93
58.59 , 25.0 , -0.004 , -9.987 , 61.93
58.69 , 25.0 , -0.008 , -10.092 , 61.94
58.79 , 25.0 , -0.006 , -10.105 , 61.94
58.9 , 25.0 , -0.006 , -10.105 , 61.94
58.99 , 25.0 , -0.014 , -10.21 , 61.94
59.09 , 25.0 , -0.01 , -9.869 , 61.94
59.19 , 25.0 , -0.023 , -10.092 , 61.94
59.3 , 25.0 , -0.023 , -10.092 , 61.94
59.39 , 25.0 , 0.001 , -10.118 , 61.94
59.49 , 25.0 , -0.006 , -10.052 , 61.94
59.58 , 25.0 , -0.006 , -10.052 , 61.94
59.7 , 25.0 , 0.001 , -10.118 , 61.94
59.79 , 25.0 , -0.001 , -10.052 , 61.94
59.89 , 25.0 , -0.01 , -10.052 , 61.94
59.98 , 25.0 , -0.01 , -10.052 , 61.94
60.1 , 25.0 , -0.008 , -10.013 , 61.94
60.19 , 25.0 , -0.016 , -10.105 , 61.95
60.29 , 25.0 , -0.016 , -10.105 , 61.95
60.38 , 25.0 , -0.004 , -9.947 , 61.95
60.49 , 25.0 , -0.006 , -10.013 , 61.95
60.59 , 25.0 , -0.006 , -10.013 , 61.95
60.69 , 25.0 , -0.001 , -10.052 , 61.95
60.8 , 25.0 , 0.001 , -10.105 , 61.95
60.89 , 25.0 , -0.001 , -10.144 , 61.95
60.99 , 25.0 , -0.001 , -10.144 , 61.95
61.09 , 25.0 , -0.004 , -10.052 , 61.95
61.2 , 25.0 , -0.004 , -9.961 , 61.96
61.29 , 25.0 , -0.004 , -9.961 , 61.96
61.39 , 25.0 , -0.001 , -9.921 , 61.96
61.49 , 25.0 , -0.01 , -9.908 , 61.96
61.6 , 25.0 , 0.003 , -10.013 , 61.96
61.69 , 25.0 , 0.003 , -10.013 , 61.96
61.79 , 25.0 , -0.008 , -9.869 , 61.96
61.88 , 25.0 , -0.014 , -10.0 , 61.96
62.0 , 25.0 , -0.014 , -10.0 , 61.96
62.09 , 25.0 , -0.008 , -10.039 , 61.96
62.19 , 25.0 , -0.006 , -10.092 , 61.96
62.28 , 25.0 , -0.004 , -9.961 , 61.96
62.4 , 25.0 , -0.004 , -9.961 , 61.96
62.49 , 25.0 , 0.001 , -10.0 , 61.96
62.59 , 25.0 , -0.012 , -10.183 , 61.96
62.68 , 25.0 , -0.012 , -10.183 , 61.97
62.79 , 25.0 , -0.008 , -10.092 , 61.97
62.89 , 25.0 , -0.014 , -10.131 , 61.97
62.99 , 25.0 , -0.014 , -10.131 , 61.97
63.1 , 25.0 , -0.01 , -10.013 , 61.97
63.19 , 25.0 , -0.008 , -10.105 , 61.97
63.29 , 25.0 , -0.006 , -10.065 , 61.97
63.39 , 25.0 , -0.006 , -10.065 , 61.97
63.5 , 25.0 , -0.004 , -10.118 , 61.97
63.59 , 25.0 , -0.004 , -10.105 , 61.97
63.69 , 25.0 , -0.004 , -10.105 , 61.98
63.79 , 25.0 , 0.007 , -10.21 , 61.98
63.9 , 25.0 , -0.01 , -10.0 , 61.98
63.99 , 25.0 , -0.006 , -10.131 , 61.98
64.09 , 25.0 , -0.006 , -10.131 , 61.98
64.18 , 25.0 , -0.006 , -10.301 , 61.98
64.3 , 25.0 , -0.001 , -10.236 , 61.98
64.39 , 25.0 , -0.001 , -10.236 , 61.98
64.49 , 25.0 , 0.001 , -10.17 , 61.98
64.58 , 25.0 , -0.001 , -10.013 , 61.98
64.7 , 25.0 , -0.001 , -10.013 , 61.99
64.79 , 25.0 , 0.007 , -10.236 , 61.99
64.89 , 25.0 , -0.004 , -10.301 , 61.99
64.98 , 25.0 , -0.001 , -10.144 , 61.99
65.09 , 25.0 , -0.001 , -10.144 , 61.99
65.19 , 25.0 , -0.008 , -10.079 , 61.99
65.29 , 25.0 , -0.001 , -10.013 , 61.99
65.38 , 25.0 , -0.001 , -10.013 , 61.99
65.49 , 25.0 , -0.014 , -10.039 , 61.99
65.59 , 25.0 , -0.001 , -10.105 , 61.99
65.69 , 25.0 , -0.01 , -10.21 , 61.99
65.8 , 25.0 , -0.01 , -10.21 , 61.99
65.89 , 25.0 , -0.012 , -10.17 , 61.99
65.99 , 25.0 , -0.001 , -10.013 , 61.99
66.08 , 25.0 , -0.001 , -10.013 , 61.99
66.2 , 25.0 , -0.004 , -10.236 , 62.0
66.29 , 25.0 , -0.004 , -10.223 , 62.0
66.39 , 25.0 , -0.004 , -10.223 , 62.0
66.48 , 25.0 , -0.004 , -10.223 , 62.0
66.6 , 25.0 , -0.01 , -9.738 , 62.0
66.69 , 25.0 , 0.001 , -10.039 , 62.0
66.79 , 25.0 , 0.001 , -10.039 , 62.0
66.88 , 25.0 , -0.006 , -10.105 , 62.0
67.0 , 25.0 , 0.005 , -10.092 , 62.0
67.09 , 25.0 , 0.005 , -10.092 , 62.0
67.19 , 25.0 , -0.012 , -9.987 , 62.01
67.28 , 25.0 , 0.001 , -10.026 , 62.01
67.39 , 25.0 , -0.008 , -10.236 , 62.01
67.49 , 25.0 , -0.008 , -10.236 , 62.01
67.59 , 25.0 , -0.008 , -10.092 , 62.01
67.7 , 25.0 , 0.001 , -10.131 , 62.01
67.79 , 25.0 , 0.001 , -10.131 , 62.01
67.89 , 25.0 , -0.016 , -10.301 , 62.01
67.99 , 25.0 , 0.001 , -10.17 , 62.01
68.1 , 25.0 , 0.005 , -10.144 , 62.01
68.19 , 25.0 , 0.005 , -10.144 , 62.01
68.29 , 25.0 , -0.012 , -10.131 , 62.01
68.39 , 25.0 , -0.01 , -9.934 , 62.01
68.5 , 25.0 , -0.01 , -9.934 , 62.01
68.59 , 25.0 , -0.008 , -9.934 , 62.01
68.69 , 25.0 , -0.012 , -10.039 , 62.02
68.78 , 25.0 , -0.012 , -10.039 , 62.02
68.9 , 25.0 , -0.01 , -10.118 , 62.02
68.99 , 25.0 , 0.001 , -10.013 , 62.02
69.09 , 25.0 , -0.008 , -9.961 , 62.02
69.18 , 25.0 , -0.008 , -9.961 , 62.02
69.3 , 25.0 , -0.006 , -9.921 , 62.02
69.39 , 25.0 , -0.006 , -9.934 , 62.02
69.49 , 25.0 , -0.006 , -9.934 , 62.02
69.58 , 25.0 , 0.001 , -9.934 , 62.02
69.7 , 25.0 , -0.006 , -10.092 , 62.03
69.79 , 25.0 , -0.014 , -10.079 , 62.03
69.89 , 25.0 , -0.014 , -10.079 , 62.03
69.98 , 25.0 , -0.008 , -9.961 , 62.03
70.09 , 25.0 , 0.003 , -9.908 , 62.03
70.19 , 25.0 , 0.003 , -9.908 , 62.03
70.29 , 25.0 , -0.012 , -9.908 , 62.03
70.4 , 25.0 , -0.004 , -9.934 , 62.03
70.49 , 25.0 , -0.004 , -9.934 , 62.03
70.59 , 25.0 , -0.001 , -9.987 , 62.03
70.69 , 25.0 , -0.021 , -10.118 , 62.04
70.8 , 25.0 , -0.006 , -10.052 , 62.04
70.89 , 25.0 , -0.006 , -10.052 , 62.04
70.99 , 25.0 , -0.001 , -10.118 , 62.04
71.08 , 25.0 , -0.006 , -10.092 , 62.04
71.2 , 25.0 , -0.006 , -10.092 , 62.04
71.29 , 25.0 , -0.008 , -9.895 , 62.04
71.39 , 25.0 , -0.006 , -10.17 , 62.04
71.48 , 25.0 , -0.004 , -10.17 , 62.04
71.6 , 25.0 , -0.004 , -10.17 , 62.04
71.69 , 25.0 , -0.018 , -10.065 , 62.04
71.79 , 25.0 , -0.004 , -9.987 , 62.04
71.88 , 25.0 , -0.004 , -9.987 , 62.04
71.99 , 25.0 , -0.01 , -10.052 , 62.04
72.09 , 25.0 , 0.005 , -9.947 , 62.04
72.19 , 25.0 , 0.005 , -9.947 , 62.05
72.3 , 25.0 , 0.005 , -10.013 , 62.05
72.41 , 25.0 , -0.004 , -10.131 , 62.05
72.49 , 25.0 , -0.016 , -10.013 , 62.05
72.59 , 25.0 , -0.016 , -10.013 , 62.05
72.7 , 25.0 , -0.008 , -10.052 , 62.05
72.79 , 25.0 , 0.005 , -10.236 , 62.05
72.89 , 25.0 , 0.005 , -10.236 , 62.05
72.99 , 25.0 , -0.001 , -10.144 , 62.05
73.1 , 25.0 , -0.008 , -10.052 , 62.05
73.19 , 25.0 , -0.004 , -10.039 , 62.06
73.29 , 25.0 , -0.004 , -10.039 , 62.06
73.38 , 25.0 , -0.012 , -9.987 , 62.06
73.5 , 25.0 , -0.021 , -10.21 , 62.06
73.59 , 25.0 , -0.021 , -10.21 , 62.06
73.69 , 25.0 , 0.003 , -10.065 , 62.06
73.78 , 25.0 , -0.008 , -10.144 , 62.06
73.9 , 25.0 , 0.005 , -10.026 , 62.06
73.99 , 25.0 , 0.005 , -10.026 , 62.06
74.09 , 25.0 , -0.004 , -9.947 , 62.06
74.18 , 25.0 , -0.006 , -9.987 , 62.06
74.3 , 25.0 , -0.006 , -9.987 , 62.06
74.39 , 25.0 , 0.005 , -10.0 , 62.06
74.49 , 25.0 , -0.008 , -10.131 , 62.06
74.6 , 25.0 , -0.008 , -10.131 , 62.06
74.69 , 25.0 , -0.008 , -10.065 , 62.07
74.79 , 25.0 , -0.006 , -10.026 , 62.07
74.89 , 25.0 , -0.001 , -10.262 , 62.07
75.0 , 25.0 , -0.001 , -10.262 , 62.07
75.09 , 25.0 , -0.008 , -9.987 , 62.07
75.19 , 25.0 , -0.001 , -10.013 , 62.07
75.29 , 25.0 , -0.001 , -10.013 , 62.07
75.4 , 25.0 , 0.007 , -9.921 , 62.07
75.49 , 25.0 , -0.001 , -10.118 , 62.07
75.59 , 25.0 , -0.012 , -10.144 , 62.07
75.68 , 25.0 , -0.012 , -10.144 , 62.08
75.8 , 25.0 , -0.004 , -10.0 , 62.08
75.89 , 25.0 , -0.006 , -9.974 , 62.08
75.99 , 25.0 , -0.006 , -9.974 , 62.08
76.08 , 25.0 , 0.003 , -10.013 , 62.08
76.2 , 25.0 , -0.012 , -9.843 , 62.08
76.29 , 25.0 , -0.012 , -9.843 , 62.08
76.39 , 25.0 , -0.001 , -9.974 , 62.08
76.48 , 25.0 , -0.008 , -10.118 , 62.08
76.6 , 25.0 , -0.008 , -10.052 , 62.08
76.69 , 25.0 , -0.008 , -10.052 , 62.09
76.79 , 25.0 , -0.01 , -10.262 , 62.09
76.88 , 25.0 , -0.001 , -9.908 , 62.09
76.99 , 25.0 , -0.001 , -9.908 , 62.09
77.09 , 25.0 , -0.01 , -10.183 , 62.09
77.19 , 25.0 , -0.01 , -10.065 , 62.09
77.3 , 25.0 , -0.001 , -10.223 , 62.09
77.39 , 25.0 , -0.001 , -10.223 , 62.09
77.49 , 25.0 , 0.001 , -10.052 , 62.09
77.59 , 25.0 , -0.008 , -10.0 , 62.09
77.7 , 25.0 , -0.008 , -10.0 , 62.09
77.79 , 25.0 , -0.01 , -10.026 , 62.09
77.89 , 25.0 , -0.004 , -9.934 , 62.09
77.98 , 25.0 , -0.004 , -9.934 , 62.09
78.1 , 25.0 , -0.008 , -9.895 , 62.09
78.19 , 25.0 , -0.012 , -10.144 , 62.1
78.29 , 25.0 , -0.018 , -10.052 , 62.1
78.38 , 25.0 , -0.018 , -10.052 , 62.1
78.5 , 25.0 , 0.003 , -10.079 , 62.1
78.59 , 25.0 , -0.006 , -10.144 , 62.1
78.69 , 25.0 , -0.006 , -10.144 , 62.1
78.78 , 25.0 , -0.021 , -10.157 , 62.1
78.89 , 25.0 , -0.012 , -10.065 , 62.1
78.99 , 25.0 , -0.008 , -10.288 , 62.1
79.09 , 25.0 , -0.008 , -10.288 , 62.1
79.18 , 25.0 , -0.004 , -10.314 , 62.11
79.29 , 25.0 , -0.004 , -10.183 , 62.11
79.39 , 25.0 , -0.004 , -10.183 , 62.11
79.49 , 25.0 , -0.012 , -10.275 , 62.11
79.6 , 25.0 , -0.01 , -10.197 , 62.11
79.69 , 25.0 , -0.006 , -10.236 , 62.11
79.79 , 25.0 , -0.006 , -10.236 , 62.11
79.89 , 25.0 , -0.012 , -10.17 , 62.11
80.0 , 25.0 , -0.008 , -10.092 , 62.11
80.09 , 25.0 , -0.008 , -10.092 , 62.11
80.19 , 25.0 , -0.006 , -10.314 , 62.11
80.28 , 25.0 , -0.008 , -10.21 , 62.11
80.4 , 25.0 , -0.008 , -10.21 , 62.11
80.49 , 25.0 , 0.001 , -10.079 , 62.11
80.59 , 25.0 , -0.004 , -10.131 , 62.11
80.68 , 25.0 , 0.001 , -10.301 , 62.12
80.8 , 25.0 , 0.001 , -10.301 , 62.12

Pause

80.89 , 25.0 , -0.004 , -10.223 , 62.12
80.99 , 25.0 , -0.004 , -10.21 , 62.12
81.08 , 25.0 , -0.004 , -10.21 , 62.12
81.19 , 25.0 , -0.012 , -10.288 , 62.12
81.29 , 25.0 , 0.001 , -10.223 , 62.12
81.39 , 25.0 , -0.014 , -10.052 , 62.12
81.5 , 25.0 , -0.014 , -10.052 , 62.12
81.59 , 25.0 , 0.001 , -10.197 , 62.12
81.69 , 25.0 , -0.001 , -10.157 , 62.12
81.79 , 25.0 , -0.001 , -10.157 , 62.12
81.9 , 25.0 , -0.016 , -10.17 , 62.12
81.99 , 25.0 , -0.008 , -10.197 , 62.12
82.09 , 25.0 , -0.008 , -10.197 , 62.12
82.19 , 25.0 , -0.001 , -10.21 , 62.12
82.3 , 25.0 , 0.007 , -10.301 , 62.12
82.39 , 25.0 , -0.01 , -10.013 , 62.12
82.49 , 25.0 , -0.01 , -10.013 , 62.12
82.58 , 25.0 , -0.006 , -10.118 , 62.12
82.7 , 25.0 , -0.008 , -10.118 , 62.12
82.79 , 25.0 , -0.008 , -10.118 , 62.12
82.89 , 25.0 , -0.001 , -10.236 , 62.12
82.98 , 25.0 , -0.012 , -10.183 , 62.12
83.1 , 25.0 , -0.006 , -9.974 , 62.12
83.19 , 25.0 , -0.006 , -9.974 , 62.12
83.29 , 25.0 , -0.004 , -10.301 , 62.12
83.38 , 25.0 , -0.001 , -10.131 , 62.12
83.5 , 25.0 , -0.001 , -10.131 , 62.12
83.59 , 25.0 , -0.004 , -10.197 , 62.12
83.69 , 25.0 , -0.016 , -10.288 , 62.12
83.78 , 25.0 , -0.01 , -10.223 , 62.12
83.89 , 25.0 , -0.01 , -10.223 , 62.12
83.99 , 25.0 , -0.01 , -10.223 , 62.12
84.09 , 25.0 , -0.001 , -10.249 , 62.12
84.18 , 25.0 , -0.001 , -10.249 , 62.12
84.29 , 25.0 , -0.004 , -10.262 , 62.12
84.39 , 25.0 , 0.011 , -10.21 , 62.12
84.49 , 25.0 , 0.011 , -10.21 , 62.12
84.6 , 25.0 , -0.001 , -10.079 , 62.12
84.69 , 25.0 , -0.004 , -10.079 , 62.12
84.79 , 25.0 , -0.008 , -10.262 , 62.12
84.88 , 25.0 , -0.008 , -10.262 , 62.12
85.0 , 25.0 , 0.003 , -9.961 , 62.12
85.09 , 25.0 , -0.001 , -10.197 , 62.12
85.19 , 25.0 , -0.001 , -10.197 , 62.12
85.28 , 25.0 , -0.004 , -10.131 , 62.12
85.4 , 25.0 , -0.008 , -10.065 , 62.12
85.49 , 25.0 , 0.001 , -10.079 , 62.12
85.59 , 25.0 , 0.001 , -10.079 , 62.12
85.68 , 25.0 , 0.001 , -10.092 , 62.12
85.8 , 25.0 , -0.001 , -10.131 , 62.12
85.89 , 25.0 , -0.001 , -10.131 , 62.12
85.99 , 25.0 , -0.004 , -10.105 , 62.12
86.08 , 25.0 , 0.003 , -10.131 , 62.12
86.19 , 25.0 , 0.003 , -10.131 , 62.12
86.29 , 25.0 , -0.006 , -9.987 , 62.12
86.39 , 25.0 , -0.012 , -10.157 , 62.12
86.5 , 25.0 , -0.004 , -10.131 , 62.12
86.59 , 25.0 , -0.004 , -10.131 , 62.12
86.69 , 25.0 , -0.01 , -10.262 , 62.12
86.79 , 25.0 , -0.001 , -10.118 , 62.12
86.9 , 25.0 , -0.001 , -10.118 , 62.12
86.99 , 25.0 , 0.003 , -10.118 , 62.12
87.09 , 25.0 , -0.01 , -10.17 , 62.12
87.18 , 25.0 , 0.001 , -10.223 , 62.12
87.3 , 25.0 , 0.001 , -10.223 , 62.12
87.39 , 25.0 , -0.006 , -10.21 , 62.12
87.49 , 25.0 , -0.016 , -10.262 , 62.12
87.58 , 25.0 , -0.016 , -10.262 , 62.12
87.7 , 25.0 , -0.006 , -10.223 , 62.12
87.79 , 25.0 , -0.014 , -10.183 , 62.12
87.89 , 25.0 , -0.014 , -10.183 , 62.12
87.98 , 25.0 , 0.001 , -10.144 , 62.12
88.1 , 25.0 , 0.005 , -10.301 , 62.12
88.19 , 25.0 , -0.004 , -10.079 , 62.12
88.29 , 25.0 , -0.004 , -10.079 , 62.12
88.4 , 25.0 , -0.012 , -10.275 , 62.12
88.49 , 25.0 , -0.001 , -10.406 , 62.12
88.59 , 25.0 , -0.001 , -10.406 , 62.12
88.69 , 25.0 , -0.012 , -10.157 , 62.12
88.8 , 25.0 , -0.006 , -10.183 , 62.12
88.89 , 25.0 , -0.001 , -10.144 , 62.12
88.99 , 25.0 , -0.001 , -10.144 , 62.12
89.09 , 25.0 , -0.014 , -10.144 , 62.12
89.2 , 25.0 , 0.001 , -10.275 , 62.12
89.29 , 25.0 , 0.001 , -10.275 , 62.12
89.39 , 25.0 , -0.01 , -10.131 , 62.12
89.48 , 25.0 , -0.001 , -10.0 , 62.12
89.6 , 25.0 , -0.001 , -10.275 , 62.12
89.69 , 25.0 , -0.001 , -10.275 , 62.12
89.79 , 25.0 , 0.005 , -10.157 , 62.12
89.88 , 25.0 , -0.006 , -10.092 , 62.12
90.0 , 25.0 , -0.006 , -10.092 , 62.12
90.09 , 25.0 , -0.006 , -10.288 , 62.12
90.19 , 25.0 , -0.008 , -10.236 , 62.12
90.28 , 25.0 , -0.008 , -10.236 , 62.12
90.4 , 25.0 , -0.01 , -10.118 , 62.12
90.49 , 25.0 , -0.012 , -10.118 , 62.12
90.59 , 25.0 , -0.006 , -10.236 , 62.12
90.68 , 25.0 , -0.006 , -10.236 , 62.12
90.79 , 25.0 , 0.003 , -10.341 , 62.12
90.89 , 25.0 , -0.008 , -10.17 , 62.12
90.99 , 25.0 , -0.008 , -10.17 , 62.12
91.1 , 25.0 , -0.001 , -10.183 , 62.12
91.19 , 25.0 , 0.001 , -10.236 , 62.12
91.29 , 25.0 , -0.008 , -10.197 , 62.12
91.39 , 25.0 , -0.008 , -10.197 , 62.12
91.5 , 25.0 , -0.001 , -10.262 , 62.12
91.59 , 25.0 , 0.001 , -10.157 , 62.12
91.69 , 25.0 , 0.001 , -10.157 , 62.12
91.78 , 25.0 , -0.008 , -10.236 , 62.12
91.9 , 25.0 , 0.003 , -10.197 , 62.12
91.99 , 25.0 , 0.003 , -10.197 , 62.12
92.09 , 25.0 , -0.001 , -10.288 , 62.12
92.18 , 25.0 , -0.004 , -10.223 , 62.12
92.3 , 25.0 , -0.004 , -10.236 , 62.12
92.39 , 25.0 , -0.004 , -10.236 , 62.12
92.49 , 25.0 , -0.004 , -10.223 , 62.12
92.58 , 25.0 , -0.006 , -10.157 , 62.12
92.7 , 25.0 , -0.006 , -10.157 , 62.12
92.79 , 25.0 , -0.01 , -10.262 , 62.12
92.89 , 25.0 , -0.012 , -10.262 , 62.12
92.98 , 25.0 , -0.001 , -10.328 , 62.12
93.09 , 25.0 , -0.001 , -10.328 , 62.12
93.19 , 25.0 , -0.001 , -10.183 , 62.12
93.29 , 25.0 , -0.001 , -10.38 , 62.12
93.4 , 25.0 , -0.001 , -10.38 , 62.12
93.49 , 25.0 , -0.004 , -10.157 , 62.12
93.59 , 25.0 , -0.006 , -10.328 , 62.12
93.69 , 25.0 , -0.006 , -10.328 , 62.12
93.8 , 25.0 , -0.01 , -10.17 , 62.12
93.89 , 25.0 , -0.004 , -10.406 , 62.12
93.99 , 25.0 , 0.003 , -10.236 , 62.12
94.08 , 25.0 , 0.003 , -10.236 , 62.12
94.2 , 25.0 , -0.004 , -10.223 , 62.12
94.29 , 25.0 , -0.016 , -10.183 , 62.12
94.39 , 25.0 , -0.016 , -10.183 , 62.12
94.48 , 25.0 , -0.01 , -10.144 , 62.12
94.6 , 25.0 , -0.004 , -10.17 , 62.12
94.69 , 25.0 , -0.014 , -10.406 , 62.12
94.79 , 25.0 , -0.014 , -10.406 , 62.12
94.88 , 25.0 , -0.01 , -10.288 , 62.12
95.0 , 25.0 , -0.004 , -10.105 , 62.12
95.09 , 25.0 , -0.004 , -10.105 , 62.12
95.19 , 25.0 , -0.004 , -10.157 , 62.12
95.28 , 25.0 , -0.006 , -10.118 , 62.12
95.39 , 25.0 , -0.006 , -10.118 , 62.12
95.49 , 25.0 , 0.001 , -10.236 , 62.12
95.59 , 25.0 , 0.003 , -10.197 , 62.12
95.68 , 25.0 , -0.004 , -10.393 , 62.12
95.79 , 25.0 , -0.004 , -10.393 , 62.12
95.89 , 25.0 , 0.001 , -10.131 , 62.12
95.99 , 25.0 , -0.008 , -10.367 , 62.12
96.1 , 25.0 , -0.008 , -10.367 , 62.12
96.19 , 25.0 , -0.006 , -10.21 , 62.12
96.29 , 25.0 , -0.008 , -10.118 , 62.12
96.38 , 25.0 , -0.004 , -10.157 , 62.12
96.5 , 25.0 , -0.004 , -10.157 , 62.12
96.59 , 25.0 , -0.006 , -10.183 , 62.12
96.69 , 25.0 , 0.003 , -10.17 , 62.12
96.78 , 25.0 , 0.003 , -10.17 , 62.12
96.9 , 25.0 , -0.001 , -10.223 , 62.12
96.99 , 25.0 , -0.006 , -10.183 , 62.12
97.09 , 25.0 , -0.006 , -10.183 , 62.12
97.18 , 25.0 , -0.008 , -10.354 , 62.12
97.3 , 25.0 , -0.014 , -10.393 , 62.12
97.39 , 25.0 , -0.014 , -10.157 , 62.12
97.49 , 25.0 , -0.014 , -10.157 , 62.12
97.58 , 25.0 , 0.005 , -10.472 , 62.12
97.69 , 25.0 , -0.006 , -10.236 , 62.12
97.79 , 25.0 , -0.006 , -10.236 , 62.12
97.89 , 25.0 , 0.005 , -10.197 , 62.12
98.0 , 25.0 , -0.012 , -10.419 , 62.12
98.09 , 25.0 , -0.006 , -10.197 , 62.12
98.19 , 25.0 , -0.006 , -10.197 , 62.12
98.29 , 25.0 , -0.006 , -10.236 , 62.12
98.4 , 25.0 , -0.008 , -10.21 , 62.12
98.49 , 25.0 , -0.008 , -10.21 , 62.12
98.59 , 25.0 , -0.001 , -10.197 , 62.12
98.68 , 25.0 , 0.007 , -10.21 , 62.12
98.8 , 25.0 , -0.008 , -10.039 , 62.12
98.89 , 25.0 , -0.008 , -10.039 , 62.12
98.99 , 25.0 , -0.004 , -10.118 , 62.12
99.08 , 25.0 , -0.006 , -10.354 , 62.12

End Pause

99.21 , 25.021 , -0.006 , -10.354 , 62.12
99.31 , 25.074 , -0.012 , -10.079 , 62.12
99.4 , 25.134 , -0.01 , -10.223 , 62.12
99.53 , 25.221 , 0.003 , -10.065 , 62.12
99.61 , 25.271 , 0.003 , -10.065 , 62.12
99.69 , 25.321 , 0.001 , -10.039 , 62.12
99.79 , 25.379 , -0.012 , -9.961 , 62.12
99.88 , 25.441 , -0.012 , -9.961 , 62.12
100.01 , 25.521 , 0.005 , -9.934 , 62.12
100.11 , 25.573 , 0.005 , -9.816 , 62.12
100.2 , 25.633 , 0.005 , -9.816 , 62.12
100.33 , 25.72 , -0.01 , -9.843 , 62.12
100.43 , 25.772 , -0.012 , -9.646 , 62.12
100.52 , 25.833 , -0.012 , -9.672 , 62.12
100.62 , 25.892 , -0.012 , -9.672 , 62.12
100.7 , 25.95 , -0.001 , -9.685 , 62.12
100.79 , 26.004 , -0.016 , -9.41 , 62.12
100.89 , 26.067 , -0.016 , -9.41 , 62.12
101.02 , 26.15 , -0.006 , -9.541 , 62.12
101.1 , 26.2 , -0.021 , -9.554 , 62.12
101.19 , 26.254 , 0.003 , -9.305 , 62.12
101.32 , 26.339 , 0.003 , -9.305 , 62.12
101.42 , 26.392 , 0.007 , -9.266 , 62.12
101.51 , 26.452 , -0.004 , -9.122 , 62.12
101.64 , 26.539 , -0.004 , -9.122 , 62.12
101.74 , 26.59 , 0.001 , -9.332 , 62.12
101.86 , 26.677 , 0.003 , -8.912 , 62.12
101.96 , 26.73 , -0.012 , -8.807 , 62.12
102.06 , 26.795 , -0.008 , -8.755 , 62.12
102.15 , 26.852 , -0.008 , -8.755 , 62.12
102.25 , 26.916 , -0.008 , -8.676 , 62.12
102.37 , 26.998 , -0.006 , -8.702 , 62.12
102.47 , 27.056 , -0.008 , -8.716 , 62.12
102.57 , 27.111 , -0.008 , -8.716 , 62.12
102.69 , 27.198 , 0.003 , -8.506 , 62.12
102.77 , 27.249 , -0.012 , -8.453 , 62.12
102.87 , 27.3 , -0.012 , -8.453 , 62.12
102.97 , 27.359 , 0.005 , -8.349 , 62.12
103.06 , 27.422 , -0.012 , -8.152 , 62.12
103.19 , 27.507 , -0.012 , -8.152 , 62.12
103.29 , 27.564 , -0.018 , -8.178 , 62.12
103.38 , 27.625 , -0.01 , -8.034 , 62.12
103.46 , 27.677 , -0.014 , -7.995 , 62.12
103.56 , 27.732 , -0.014 , -7.995 , 62.12
103.65 , 27.789 , -0.016 , -7.772 , 62.12
103.75 , 27.851 , -0.001 , -7.615 , 62.12
103.88 , 27.936 , -0.001 , -7.615 , 62.12
103.97 , 27.989 , 0.013 , -7.746 , 62.12
104.07 , 28.0 , -0.004 , -7.588 , 62.12
104.16 , 28.0 , -0.004 , -7.588 , 62.12
104.24 , 28.0 , -0.004 , -7.68 , 62.12
104.32 , 28.0 , -0.006 , -7.89 , 62.12
104.42 , 28.0 , -0.006 , -7.89 , 62.12
104.5 , 28.0 , 0.001 , -7.785 , 62.12
104.59 , 28.0 , -0.004 , -7.929 , 62.12
104.69 , 28.0 , -0.004 , -7.929 , 62.12
104.79 , 28.0 , 0.003 , -7.877 , 62.12
104.88 , 28.0 , -0.001 , -8.086 , 62.12
104.99 , 28.0 , -0.001 , -8.086 , 62.12
105.09 , 28.0 , 0.003 , -7.995 , 62.12
105.19 , 28.0 , -0.016 , -8.021 , 62.12
105.3 , 28.0 , -0.016 , -8.021 , 62.12

Pause

105.39 , 28.0 , -0.008 , -8.27 , 62.13
105.49 , 28.0 , -0.008 , -8.217 , 62.13
105.58 , 28.0 , -0.012 , -8.178 , 62.13
105.7 , 28.0 , -0.012 , -8.178 , 62.13
105.79 , 28.0 , 0.001 , -8.073 , 62.13
105.89 , 28.0 , -0.014 , -8.27 , 62.13
105.98 , 28.0 , -0.014 , -8.27 , 62.13
106.1 , 28.0 , -0.006 , -8.283 , 62.13
106.19 , 28.0 , -0.004 , -8.414 , 62.13
106.29 , 28.0 , -0.006 , -8.453 , 62.13
106.38 , 28.0 , -0.006 , -8.453 , 62.13
106.5 , 28.0 , 0.001 , -8.217 , 62.13
106.59 , 28.0 , -0.006 , -8.506 , 62.13
106.69 , 28.0 , -0.006 , -8.506 , 62.13
106.78 , 28.0 , -0.001 , -8.375 , 62.13
106.89 , 28.0 , -0.01 , -8.48 , 62.13
106.99 , 28.0 , -0.01 , -8.48 , 62.13
107.09 , 28.0 , -0.001 , -8.401 , 62.13
107.18 , 28.0 , 0.007 , -8.401 , 62.13
107.29 , 28.0 , -0.006 , -8.388 , 62.13
107.39 , 28.0 , -0.006 , -8.388 , 62.13
107.49 , 28.0 , -0.004 , -8.414 , 62.13
107.6 , 28.0 , -0.012 , -8.519 , 62.13
107.69 , 28.0 , -0.012 , -8.519 , 62.13
107.79 , 28.0 , -0.001 , -8.571 , 62.13
107.88 , 28.0 , -0.01 , -8.624 , 62.13
108.0 , 28.0 , 0.001 , -8.716 , 62.13
108.09 , 28.0 , 0.001 , -8.716 , 62.13
108.19 , 28.0 , -0.001 , -8.427 , 62.13
108.28 , 28.0 , -0.004 , -8.545 , 62.13
108.4 , 28.0 , -0.004 , -8.545 , 62.13
108.49 , 28.0 , -0.01 , -8.702 , 62.13
108.59 , 28.0 , -0.012 , -8.414 , 62.13
108.68 , 28.0 , -0.004 , -8.598 , 62.13
108.8 , 28.0 , -0.004 , -8.598 , 62.13
108.89 , 28.0 , -0.008 , -8.27 , 62.13
108.99 , 28.0 , -0.014 , -8.493 , 62.13
109.08 , 28.0 , -0.014 , -8.493 , 62.13
109.19 , 28.0 , -0.006 , -8.611 , 62.13
109.29 , 28.0 , -0.001 , -8.519 , 62.13
109.39 , 28.0 , -0.001 , -8.519 , 62.13
109.5 , 28.0 , -0.01 , -8.624 , 62.13
109.59 , 28.0 , -0.004 , -8.716 , 62.13
109.69 , 28.0 , 0.003 , -8.65 , 62.13
109.79 , 28.0 , 0.003 , -8.65 , 62.13
109.9 , 28.0 , -0.001 , -8.584 , 62.13
109.99 , 28.0 , -0.016 , -8.676 , 62.13
110.09 , 28.0 , -0.016 , -8.676 , 62.13
110.18 , 28.0 , -0.006 , -8.545 , 62.13
110.3 , 28.0 , 0.001 , -8.742 , 62.13
110.39 , 28.0 , 0.003 , -8.65 , 62.13
110.49 , 28.0 , 0.003 , -8.65 , 62.13
110.58 , 28.0 , -0.004 , -8.584 , 62.13
110.7 , 28.0 , -0.006 , -8.716 , 62.13
110.79 , 28.0 , -0.006 , -8.716 , 62.13
110.89 , 28.0 , -0.006 , -8.598 , 62.13
110.98 , 28.0 , 0.003 , -8.689 , 62.13
111.09 , 28.0 , 0.003 , -8.689 , 62.13
111.19 , 28.0 , -0.008 , -8.794 , 62.13
111.29 , 28.0 , -0.008 , -8.768 , 62.13
111.38 , 28.0 , -0.01 , -8.755 , 62.13
111.49 , 28.0 , -0.01 , -8.755 , 62.13
111.59 , 28.0 , -0.004 , -8.716 , 62.13
111.69 , 28.0 , -0.004 , -8.912 , 62.13
111.8 , 28.0 , -0.004 , -8.912 , 62.13
111.89 , 28.0 , 0.005 , -8.768 , 62.13
111.99 , 28.0 , -0.01 , -8.873 , 62.13
112.09 , 28.0 , 0.001 , -8.637 , 62.13
112.2 , 28.0 , 0.001 , -8.637 , 62.13
112.29 , 28.0 , -0.004 , -8.86 , 62.13
112.39 , 28.0 , -0.004 , -8.951 , 62.13
112.48 , 28.0 , -0.004 , -8.951 , 62.13
112.6 , 28.0 , -0.006 , -8.794 , 62.13
112.69 , 28.0 , -0.006 , -8.742 , 62.13
112.82 , 28.0 , -0.014 , -8.794 , 62.13
112.92 , 28.0 , -0.014 , -8.794 , 62.13
113.0 , 28.0 , 0.005 , -8.912 , 62.13
113.09 , 28.0 , -0.004 , -8.925 , 62.13
113.19 , 28.0 , -0.004 , -8.925 , 62.13
113.28 , 28.0 , -0.008 , -8.768 , 62.13
113.4 , 28.0 , -0.004 , -8.82 , 62.13
113.49 , 28.0 , -0.004 , -8.82 , 62.13
113.59 , 28.0 , -0.006 , -8.951 , 62.13
113.68 , 28.0 , -0.014 , -8.847 , 62.13
113.79 , 28.0 , -0.01 , -8.86 , 62.13
113.89 , 28.0 , -0.01 , -8.86 , 62.13
113.99 , 28.0 , -0.006 , -8.833 , 62.13
114.1 , 28.0 , -0.01 , -8.886 , 62.13
114.19 , 28.0 , -0.01 , -8.886 , 62.13
114.29 , 28.0 , -0.008 , -8.899 , 62.13
114.39 , 28.0 , -0.008 , -8.938 , 62.13
114.5 , 28.0 , -0.008 , -8.873 , 62.13
114.59 , 28.0 , -0.008 , -8.873 , 62.13
114.69 , 28.0 , -0.004 , -8.82 , 62.13
114.79 , 28.0 , -0.01 , -8.781 , 62.13
114.9 , 28.0 , -0.01 , -8.781 , 62.13
114.99 , 28.0 , -0.008 , -8.912 , 62.13
115.09 , 28.0 , -0.012 , -8.886 , 62.13
115.18 , 28.0 , -0.012 , -8.886 , 62.13
115.3 , 28.0 , -0.001 , -8.899 , 62.13
115.39 , 28.0 , -0.008 , -8.729 , 62.13
115.49 , 28.0 , -0.006 , -8.912 , 62.13
115.58 , 28.0 , -0.006 , -8.912 , 62.13
115.7 , 28.0 , -0.016 , -8.886 , 62.13
115.79 , 28.0 , -0.006 , -8.899 , 62.13
115.89 , 28.0 , -0.006 , -8.899 , 62.13
115.98 , 28.0 , -0.014 , -8.794 , 62.13
116.09 , 28.0 , -0.001 , -8.676 , 62.13
116.19 , 28.0 , 0.003 , -8.86 , 62.13
116.29 , 28.0 , 0.003 , -8.86 , 62.13
116.38 , 28.0 , -0.001 , -9.004 , 62.13
116.49 , 28.0 , -0.004 , -8.781 , 62.13
116.59 , 28.0 , -0.004 , -8.781 , 62.13
116.69 , 28.0 , -0.01 , -8.938 , 62.13
116.8 , 28.0 , -0.006 , -8.82 , 62.13
116.89 , 28.0 , -0.006 , -8.82 , 62.13
116.99 , 28.0 , -0.004 , -8.925 , 62.13
117.09 , 28.0 , 0.003 , -9.004 , 62.13
117.2 , 28.0 , -0.012 , -9.043 , 62.13
117.29 , 28.0 , -0.012 , -9.043 , 62.13
117.39 , 28.0 , -0.008 , -9.017 , 62.13
117.48 , 28.0 , -0.001 , -8.965 , 62.13
117.6 , 28.0 , -0.001 , -8.965 , 62.13
117.69 , 28.0 , -0.006 , -8.833 , 62.13
117.79 , 28.0 , -0.012 , -8.991 , 62.13
117.88 , 28.0 , -0.018 , -8.886 , 62.13
118.0 , 28.0 , -0.018 , -8.886 , 62.13
118.09 , 28.0 , -0.004 , -8.978 , 62.13
118.19 , 28.0 , -0.008 , -8.912 , 62.13
118.28 , 28.0 , -0.008 , -8.912 , 62.13
118.39 , 28.0 , -0.014 , -8.965 , 62.13
118.49 , 28.0 , -0.01 , -9.096 , 62.13
118.59 , 28.0 , -0.01 , -9.096 , 62.13
118.68 , 28.0 , -0.004 , -8.886 , 62.13
118.79 , 28.0 , 0.005 , -9.069 , 62.13
118.89 , 28.0 , -0.01 , -9.043 , 62.13
118.99 , 28.0 , -0.01 , -9.043 , 62.13
119.1 , 28.0 , -0.012 , -9.004 , 62.13
119.19 , 28.0 , -0.01 , -8.873 , 62.13
119.29 , 28.0 , -0.01 , -8.873 , 62.13
119.39 , 28.0 , -0.01 , -8.951 , 62.13
119.5 , 28.0 , -0.014 , -8.951 , 62.13
119.59 , 28.0 , -0.012 , -9.135 , 62.13
119.69 , 28.0 , -0.012 , -9.135 , 62.13
119.78 , 28.0 , 0.005 , -9.043 , 62.13
119.9 , 28.0 , -0.014 , -8.978 , 62.13
119.99 , 28.0 , -0.014 , -8.978 , 62.13
120.09 , 28.0 , -0.004 , -9.03 , 62.13
120.18 , 28.0 , 0.007 , -8.938 , 62.13
120.3 , 28.0 , -0.004 , -9.03 , 62.13
120.39 , 28.0 , -0.004 , -9.03 , 62.13
120.49 , 28.0 , 0.001 , -9.122 , 62.13
120.58 , 28.0 , -0.014 , -9.082 , 62.13
120.69 , 28.0 , -0.014 , -9.082 , 62.13
120.79 , 28.0 , -0.008 , -8.912 , 62.13
120.89 , 28.0 , 0.003 , -9.096 , 62.13
120.98 , 28.0 , 0.003 , -9.096 , 62.13
121.09 , 28.0 , -0.012 , -9.187 , 62.13
121.19 , 28.0 , -0.01 , -9.03 , 62.13
121.29 , 28.0 , -0.001 , -9.109 , 62.13
121.4 , 28.0 , -0.001 , -9.109 , 62.13
121.49 , 28.0 , -0.012 , -9.109 , 62.13
121.59 , 28.0 , -0.006 , -9.214 , 62.13
121.69 , 28.0 , -0.006 , -9.214 , 62.13
121.8 , 28.0 , 0.005 , -9.03 , 62.13
121.89 , 28.0 , 0.003 , -9.135 , 62.13
121.99 , 28.0 , -0.012 , -9.161 , 62.13
122.08 , 28.0 , -0.012 , -9.161 , 62.13
122.2 , 28.0 , -0.01 , -9.056 , 62.13
122.29 , 28.0 , -0.008 , -9.135 , 62.13
122.39 , 28.0 , -0.008 , -9.135 , 62.13
122.48 , 28.0 , -0.008 , -9.056 , 62.13
122.6 , 28.0 , -0.006 , -9.214 , 62.13
122.69 , 28.0 , -0.006 , -9.214 , 62.13
122.79 , 28.0 , -0.006 , -9.305 , 62.13
122.88 , 28.0 , -0.012 , -9.03 , 62.13
122.99 , 28.0 , -0.01 , -9.161 , 62.13
123.09 , 28.0 , -0.01 , -9.161 , 62.13
123.19 , 28.0 , -0.001 , -9.082 , 62.13
123.28 , 28.0 , -0.008 , -9.187 , 62.13
123.39 , 28.0 , -0.008 , -9.187 , 62.13
123.49 , 28.0 , -0.001 , -9.069 , 62.13
123.59 , 28.0 , -0.004 , -8.965 , 62.13
123.7 , 28.0 , -0.006 , -9.056 , 62.13
123.79 , 28.0 , -0.006 , -9.056 , 62.13
123.89 , 28.0 , -0.021 , -9.082 , 62.13
123.98 , 28.0 , -0.001 , -9.227 , 62.13
124.1 , 28.0 , -0.001 , -9.227 , 62.13
124.19 , 28.0 , -0.014 , -9.135 , 62.13
124.29 , 28.0 , -0.008 , -9.135 , 62.13
124.38 , 28.0 , -0.008 , -9.135 , 62.13
124.5 , 28.0 , -0.006 , -9.2 , 62.13
124.59 , 28.0 , -0.004 , -9.082 , 62.13
124.69 , 28.0 , -0.008 , -9.305 , 62.13
124.78 , 28.0 , -0.008 , -9.305 , 62.13
124.9 , 28.0 , -0.008 , -9.082 , 62.13
124.99 , 28.0 , -0.012 , -9.056 , 62.13
125.09 , 28.0 , -0.012 , -9.056 , 62.13
125.18 , 28.0 , -0.012 , -9.227 , 62.13
125.29 , 28.0 , -0.01 , -9.174 , 62.13
125.39 , 28.0 , -0.004 , -9.174 , 62.13
125.49 , 28.0 , -0.004 , -9.174 , 62.13
125.6 , 28.0 , 0.005 , -9.161 , 62.13
125.69 , 28.0 , -0.016 , -9.187 , 62.13
125.79 , 28.0 , -0.016 , -9.187 , 62.13
125.89 , 28.0 , -0.016 , -9.253 , 62.13
126.0 , 28.0 , -0.006 , -9.279 , 62.13
126.09 , 28.0 , -0.006 , -9.279 , 62.13
126.19 , 28.0 , 0.005 , -9.187 , 62.13
126.29 , 28.0 , -0.014 , -9.187 , 62.13
126.4 , 28.0 , -0.008 , -9.2 , 62.13
126.49 , 28.0 , -0.008 , -9.2 , 62.13
126.59 , 28.0 , -0.008 , -9.2 , 62.13
126.68 , 28.0 , 0.001 , -9.187 , 62.13
126.8 , 28.0 , 0.001 , -9.187 , 62.13
126.89 , 28.0 , 0.001 , -9.03 , 62.13
126.99 , 28.0 , -0.008 , -9.069 , 62.13
127.08 , 28.0 , -0.01 , -9.056 , 62.13
127.2 , 28.0 , -0.01 , -9.056 , 62.13
127.29 , 28.0 , 0.005 , -8.991 , 62.13
127.39 , 28.0 , -0.012 , -9.214 , 62.13
127.48 , 28.0 , -0.012 , -9.214 , 62.13
127.59 , 28.0 , -0.014 , -9.227 , 62.13
127.69 , 28.0 , -0.001 , -9.305 , 62.13
127.79 , 28.0 , -0.006 , -9.227 , 62.13
127.88 , 28.0 , -0.006 , -9.227 , 62.13
127.99 , 28.0 , -0.014 , -9.214 , 62.13
128.09 , 28.0 , -0.01 , -9.069 , 62.13
128.19 , 28.0 , -0.01 , -9.069 , 62.13
128.3 , 28.0 , -0.01 , -9.227 , 62.13
128.39 , 28.0 , -0.006 , -9.2 , 62.13
128.49 , 28.0 , -0.006 , -9.2 , 62.13
128.59 , 28.0 , -0.021 , -9.2 , 62.13
128.7 , 28.0 , -0.004 , -9.332 , 62.13
128.79 , 28.0 , 0.005 , -9.148 , 62.13
128.89 , 28.0 , 0.005 , -9.148 , 62.13
128.98 , 28.0 , 0.001 , -9.122 , 62.13
129.1 , 28.0 , 0.005 , -9.174 , 62.13
129.19 , 28.0 , 0.005 , -9.174 , 62.13
129.29 , 28.0 , -0.001 , -9.266 , 62.13
129.38 , 28.0 , -0.004 , -9.305 , 62.13
129.5 , 28.0 , -0.01 , -9.305 , 62.13
129.59 , 28.0 , -0.01 , -9.305 , 62.13
129.69 , 28.0 , -0.01 , -9.082 , 62.13
129.78 , 28.0 , -0.004 , -9.227 , 62.13
129.89 , 28.0 , -0.004 , -9.227 , 62.13
129.99 , 28.0 , -0.008 , -9.2 , 62.13
130.09 , 28.0 , -0.012 , -9.214 , 62.13
130.18 , 28.0 , -0.012 , -9.214 , 62.13
130.29 , 28.0 , -0.006 , -9.148 , 62.13
130.39 , 28.0 , -0.001 , -9.24 , 62.13
130.49 , 28.0 , -0.012 , -9.318 , 62.13
130.6 , 28.0 , -0.012 , -9.318 , 62.13
130.69 , 28.0 , -0.018 , -9.161 , 62.13
130.79 , 28.0 , -0.012 , -9.41 , 62.13
130.89 , 28.0 , -0.012 , -9.41 , 62.13
131.0 , 28.0 , 0.003 , -9.187 , 62.13
131.09 , 28.0 , -0.006 , -9.41 , 62.13
131.19 , 28.0 , 0.001 , -9.318 , 62.13
131.28 , 28.0 , 0.001 , -9.318 , 62.13
131.4 , 28.0 , -0.012 , -9.318 , 62.13
131.49 , 28.0 , -0.001 , -9.187 , 62.13
131.59 , 28.0 , -0.001 , -9.187 , 62.13
131.68 , 28.0 , -0.016 , -9.161 , 62.13
131.8 , 28.0 , -0.006 , -9.2 , 62.13
131.89 , 28.0 , -0.004 , -9.292 , 62.13
131.99 , 28.0 , -0.004 , -9.292 , 62.13
132.08 , 28.0 , -0.008 , -9.292 , 62.13
132.19 , 28.0 , -0.006 , -9.279 , 62.13
132.29 , 28.0 , -0.006 , -9.279 , 62.13
132.42 , 28.0 , -0.004 , -9.371 , 62.13
132.51 , 28.0 , -0.014 , -9.358 , 62.13
132.61 , 28.0 , -0.014 , -9.358 , 62.13
132.71 , 28.0 , -0.006 , -9.371 , 62.13
132.8 , 28.0 , -0.004 , -9.345 , 62.13
132.9 , 28.0 , 0.001 , -9.266 , 62.13
132.99 , 28.0 , 0.001 , -9.266 , 62.13
133.09 , 28.0 , -0.004 , -9.305 , 62.13
133.19 , 28.0 , -0.014 , -9.345 , 62.13
133.3 , 28.0 , -0.014 , -9.345 , 62.13
133.39 , 28.0 , -0.012 , -9.332 , 62.13
133.49 , 28.0 , 0.005 , -9.318 , 62.13
133.58 , 28.0 , -0.014 , -9.541 , 62.13
133.7 , 28.0 , -0.014 , -9.541 , 62.13
133.79 , 28.0 , -0.01 , -9.463 , 62.13
133.89 , 28.0 , -0.016 , -9.24 , 62.13
133.98 , 28.0 , -0.016 , -9.24 , 62.13
134.1 , 28.0 , -0.006 , -9.305 , 62.13
134.19 , 28.0 , -0.004 , -9.449 , 62.13
134.29 , 28.0 , -0.004 , -9.449 , 62.13
134.38 , 28.0 , -0.006 , -9.292 , 62.13
134.49 , 28.0 , -0.006 , -9.358 , 62.13
134.59 , 28.0 , -0.001 , -9.279 , 62.13
134.69 , 28.0 , -0.001 , -9.279 , 62.13
134.78 , 28.0 , -0.001 , -9.476 , 62.13
134.89 , 28.0 , -0.008 , -9.266 , 62.13
134.99 , 28.0 , -0.008 , -9.266 , 62.13
135.09 , 28.0 , -0.004 , -9.305 , 62.13
135.2 , 28.0 , 0.007 , -9.318 , 62.13
135.29 , 28.0 , -0.001 , -9.463 , 62.13
135.39 , 28.0 , -0.001 , -9.463 , 62.13
135.48 , 28.0 , -0.006 , -9.318 , 62.13
135.6 , 28.0 , -0.012 , -9.253 , 62.13
135.69 , 28.0 , -0.012 , -9.253 , 62.13
135.79 , 28.0 , -0.008 , -9.292 , 62.13
135.88 , 28.0 , -0.01 , -9.214 , 62.13
136.0 , 28.0 , -0.01 , -9.214 , 62.13
136.09 , 28.0 , -0.01 , -9.292 , 62.13
136.19 , 28.0 , -0.01 , -9.2 , 62.13
136.28 , 28.0 , 0.003 , -9.554 , 62.13
136.4 , 28.0 , 0.003 , -9.554 , 62.13
136.49 , 28.0 , -0.01 , -9.397 , 62.13
136.59 , 28.0 , -0.006 , -9.187 , 62.13
136.68 , 28.0 , -0.006 , -9.187 , 62.13
136.79 , 28.0 , 0.005 , -9.476 , 62.13
136.89 , 28.0 , -0.012 , -9.305 , 62.13
136.99 , 28.0 , -0.001 , -9.305 , 62.13
137.08 , 28.0 , -0.001 , -9.305 , 62.13
137.19 , 28.0 , -0.006 , -9.397 , 62.13
137.29 , 28.0 , -0.016 , -9.332 , 62.13
137.39 , 28.0 , -0.016 , -9.332 , 62.13
137.5 , 28.0 , -0.001 , -9.24 , 62.13
137.59 , 28.0 , -0.012 , -9.371 , 62.13
137.69 , 28.0 , -0.006 , -9.318 , 62.13
137.78 , 28.0 , -0.006 , -9.318 , 62.13
137.9 , 28.0 , -0.006 , -9.397 , 62.13
137.99 , 28.0 , -0.008 , -9.279 , 62.13
138.09 , 28.0 , -0.008 , -9.279 , 62.13
138.18 , 28.0 , -0.01 , -9.515 , 62.13
138.3 , 28.0 , -0.008 , -9.318 , 62.13
138.39 , 28.0 , -0.008 , -9.318 , 62.13
138.49 , 28.0 , -0.016 , -9.463 , 62.13
138.58 , 28.0 , -0.004 , -9.41 , 62.13
138.7 , 28.0 , -0.008 , -9.567 , 62.13
138.79 , 28.0 , -0.008 , -9.567 , 62.13
138.89 , 28.0 , -0.008 , -9.515 , 62.13
138.98 , 28.0 , -0.016 , -9.436 , 62.13
139.09 , 28.0 , -0.016 , -9.436 , 62.13
139.19 , 28.0 , -0.01 , -9.318 , 62.13
139.29 , 28.0 , -0.006 , -9.449 , 62.13
139.38 , 28.0 , -0.012 , -9.423 , 62.13
139.49 , 28.0 , -0.012 , -9.423 , 62.13
139.59 , 28.0 , -0.014 , -9.436 , 62.13
139.69 , 28.0 , -0.008 , -9.358 , 62.13
139.78 , 28.0 , -0.008 , -9.358 , 62.13
139.89 , 28.0 , -0.001 , -9.397 , 62.13
139.99 , 28.0 , -0.006 , -9.279 , 62.13
140.09 , 28.0 , -0.006 , -9.279 , 62.13
140.2 , 28.0 , -0.016 , -9.318 , 62.13
140.32 , 28.0 , 0.001 , -9.305 , 62.13
140.42 , 28.0 , -0.001 , -9.384 , 62.13
140.52 , 28.0 , -0.001 , -9.384 , 62.13
140.61 , 28.0 , 0.005 , -9.371 , 62.13
140.71 , 28.0 , 0.003 , -9.345 , 62.13
140.8 , 28.0 , 0.003 , -9.345 , 62.13
140.9 , 28.0 , -0.01 , -9.41 , 62.13
141.0 , 28.0 , -0.008 , -9.463 , 62.13
141.09 , 28.0 , -0.012 , -9.345 , 62.13
141.19 , 28.0 , -0.012 , -9.345 , 62.13
141.28 , 28.0 , -0.001 , -9.384 , 62.13
141.39 , 28.0 , 0.001 , -9.345 , 62.13
141.49 , 28.0 , 0.001 , -9.345 , 62.13
141.59 , 28.0 , -0.008 , -9.2 , 62.13
141.68 , 28.0 , -0.004 , -9.279 , 62.13
141.79 , 28.0 , -0.004 , -9.279 , 62.13
141.89 , 28.0 , -0.001 , -9.489 , 62.13
141.99 , 28.0 , -0.008 , -9.463 , 62.13
142.08 , 28.0 , -0.014 , -9.332 , 62.13
142.19 , 28.0 , -0.014 , -9.332 , 62.13
142.29 , 28.0 , 0.016 , -9.476 , 62.13
142.4 , 28.0 , -0.01 , -9.581 , 62.13
142.51 , 28.0 , -0.01 , -9.581 , 62.13
142.61 , 28.0 , 0.003 , -9.292 , 62.13
142.7 , 28.0 , -0.004 , -9.397 , 62.13
142.8 , 28.0 , -0.018 , -9.463 , 62.13
142.9 , 28.0 , -0.018 , -9.463 , 62.13
142.99 , 28.0 , -0.006 , -9.345 , 62.13
143.09 , 28.0 , -0.006 , -9.541 , 62.13
143.18 , 28.0 , -0.006 , -9.541 , 62.13
143.3 , 28.0 , -0.004 , -9.463 , 62.13
143.39 , 28.0 , -0.014 , -9.397 , 62.13
143.49 , 28.0 , 0.001 , -9.449 , 62.13
143.58 , 28.0 , 0.001 , -9.449 , 62.13
143.69 , 28.0 , -0.004 , -9.371 , 62.13
143.79 , 28.0 , -0.004 , -9.423 , 62.13
143.89 , 28.0 , -0.004 , -9.423 , 62.13
143.98 , 28.0 , -0.006 , -9.449 , 62.13
144.09 , 28.0 , -0.001 , -9.476 , 62.13
144.19 , 28.0 , -0.001 , -9.476 , 62.13
144.29 , 28.0 , -0.008 , -9.62 , 62.13
144.4 , 28.0 , -0.004 , -9.528 , 62.13
144.49 , 28.0 , -0.001 , -9.41 , 62.13
144.62 , 28.0 , -0.001 , -9.41 , 62.13
144.72 , 28.0 , 0.001 , -9.567 , 62.13

End Pause

144.84 , 28.029 , -0.008 , -9.436 , 62.13
144.94 , 28.089 , -0.014 , -9.436 , 62.13
145.05 , 28.151 , -0.014 , -9.436 , 62.13
145.16 , 28.229 , -0.012 , -9.345 , 62.13
145.26 , 28.288 , -0.001 , -8.899 , 62.13
145.36 , 28.35 , -0.008 , -8.873 , 62.13
145.48 , 28.429 , -0.008 , -8.873 , 62.13
145.58 , 28.489 , -0.012 , -8.624 , 62.13
145.68 , 28.549 , -0.001 , -8.532 , 62.13
145.8 , 28.628 , -0.012 , -8.335 , 62.13
145.92 , 28.69 , -0.001 , -8.244 , 62.13
146.01 , 28.759 , -0.001 , -8.244 , 62.13
146.14 , 28.838 , -0.008 , -7.903 , 62.13
146.25 , 28.9 , -0.006 , -7.968 , 62.13
146.36 , 28.971 , 0.003 , -7.536 , 62.13
146.47 , 29.048 , 0.003 , -7.536 , 62.13
146.57 , 29.108 , 0.003 , -7.641 , 62.13
146.68 , 29.169 , -0.012 , -7.339 , 62.13
146.81 , 29.249 , -0.004 , -7.182 , 62.13
146.94 , 29.337 , -0.004 , -7.117 , 62.13
147.05 , 29.4 , -0.01 , -6.881 , 62.13
147.14 , 29.468 , -0.01 , -6.881 , 62.13
147.27 , 29.546 , -0.006 , -6.684 , 62.13
147.37 , 29.607 , 0.003 , -6.435 , 62.13
147.46 , 29.667 , -0.01 , -6.579 , 62.13
147.59 , 29.746 , -0.01 , -6.579 , 62.13
147.69 , 29.805 , -0.016 , -6.225 , 62.13
147.8 , 29.869 , -0.006 , -6.055 , 62.13
147.91 , 29.946 , -0.012 , -6.003 , 62.13
148.01 , 30.005 , -0.012 , -6.003 , 62.13
148.1 , 30.065 , -0.006 , -5.583 , 62.13
148.23 , 30.146 , -0.008 , -5.701 , 62.13
148.33 , 30.207 , 0.005 , -5.36 , 62.13
148.42 , 30.265 , 0.005 , -5.36 , 62.13
148.55 , 30.345 , -0.006 , -5.308 , 62.13
148.69 , 30.435 , 0.009 , -5.334 , 62.13
148.81 , 30.497 , 0.001 , -5.046 , 62.13
148.92 , 30.568 , -0.001 , -5.046 , 62.13
149.03 , 30.645 , -0.014 , -5.02 , 62.13
149.17 , 30.735 , -0.014 , -5.02 , 62.13
149.27 , 30.795 , -0.012 , -4.784 , 62.13
149.38 , 30.864 , -0.002 , -4.613 , 62.13
149.49 , 30.934 , -0.008 , -4.522 , 62.13
149.59 , 30.994 , -0.012 , -4.351 , 62.13
149.68 , 31.0 , -0.012 , -4.351 , 62.13
149.8 , 31.0 , -0.002 , -4.142 , 62.13
149.89 , 31.0 , -0.006 , -4.495 , 62.13
149.99 , 31.0 , -0.006 , -4.495 , 62.13
150.08 , 31.0 , -0.01 , -4.757 , 62.13
150.2 , 31.0 , -0.014 , -4.64 , 62.13
150.29 , 31.0 , -0.004 , -4.718 , 62.13
150.39 , 31.0 , -0.004 , -4.718 , 62.13
150.48 , 31.0 , 0.003 , -4.889 , 62.13
150.6 , 31.0 , -0.004 , -5.046 , 62.13
150.71 , 31.0 , -0.004 , -5.046 , 62.13
150.8 , 31.0 , 0.001 , -4.849 , 62.13
150.9 , 31.0 , -0.01 , -5.02 , 62.13
150.99 , 31.0 , -0.008 , -5.124 , 62.14
151.09 , 31.0 , -0.008 , -5.124 , 62.14
151.19 , 31.0 , -0.014 , -5.151 , 62.14

Pause

151.3 , 31.0 , 0.001 , -5.242 , 62.14
151.39 , 31.0 , 0.001 , -5.242 , 62.14
151.49 , 31.0 , -0.004 , -5.321 , 62.14
151.6 , 31.0 , 0.001 , -5.334 , 62.14
151.7 , 31.0 , 0.001 , -5.334 , 62.14
151.79 , 31.0 , -0.008 , -5.229 , 62.14
151.89 , 31.0 , -0.008 , -5.413 , 62.14
151.98 , 31.0 , -0.01 , -5.452 , 62.14
152.1 , 31.0 , -0.01 , -5.452 , 62.14
152.19 , 31.0 , -0.016 , -5.373 , 62.14
152.29 , 31.0 , -0.004 , -5.622 , 62.14
152.38 , 31.0 , -0.004 , -5.622 , 62.14
152.5 , 31.0 , -0.001 , -5.583 , 62.14
152.59 , 31.0 , 0.003 , -5.596 , 62.14
152.69 , 31.0 , -0.012 , -5.518 , 62.14
152.8 , 31.0 , -0.012 , -5.518 , 62.14
152.9 , 31.0 , -0.008 , -5.439 , 62.14
152.99 , 31.0 , -0.01 , -5.793 , 62.14
153.09 , 31.0 , -0.01 , -5.793 , 62.14
153.18 , 31.0 , -0.006 , -5.675 , 62.14
153.29 , 31.0 , -0.004 , -5.701 , 62.14
153.39 , 31.0 , -0.004 , -5.701 , 62.14
153.49 , 31.0 , -0.006 , -5.688 , 62.14
153.6 , 31.0 , 0.001 , -5.819 , 62.14
153.69 , 31.0 , -0.008 , -5.662 , 62.14
153.79 , 31.0 , -0.008 , -5.662 , 62.14
153.89 , 31.0 , 0.001 , -5.649 , 62.14
154.0 , 31.0 , -0.006 , -5.845 , 62.14
154.09 , 31.0 , -0.006 , -5.845 , 62.14
154.19 , 31.0 , -0.006 , -5.701 , 62.14
154.28 , 31.0 , -0.008 , -5.911 , 62.14
154.4 , 31.0 , 0.001 , -5.662 , 62.14
154.49 , 31.0 , 0.001 , -5.662 , 62.14
154.59 , 31.0 , -0.006 , -6.029 , 62.14
154.68 , 31.0 , -0.006 , -5.845 , 62.14
154.8 , 31.0 , -0.006 , -5.845 , 62.14
154.89 , 31.0 , 0.003 , -5.885 , 62.14
154.99 , 31.0 , -0.008 , -5.858 , 62.14
155.08 , 31.0 , -0.008 , -5.858 , 62.14
155.19 , 31.0 , -0.004 , -5.845 , 62.14
155.29 , 31.0 , -0.004 , -5.924 , 62.14
155.4 , 31.0 , -0.001 , -5.806 , 62.14
155.51 , 31.0 , -0.001 , -5.806 , 62.14
155.61 , 31.0 , -0.004 , -5.845 , 62.14
155.71 , 31.0 , 0.003 , -5.911 , 62.14
155.8 , 31.0 , 0.003 , -5.911 , 62.14
155.9 , 31.0 , -0.012 , -6.107 , 62.14
155.99 , 31.0 , -0.012 , -6.134 , 62.14
156.09 , 31.0 , 0.005 , -5.976 , 62.14
156.19 , 31.0 , 0.005 , -5.976 , 62.14
156.3 , 31.0 , -0.008 , -6.029 , 62.14
156.39 , 31.0 , 0.003 , -6.042 , 62.14
156.49 , 31.0 , 0.003 , -6.042 , 62.14
156.58 , 31.0 , -0.01 , -6.094 , 62.14
156.7 , 31.0 , -0.014 , -6.212 , 62.14
156.79 , 31.0 , -0.004 , -6.186 , 62.14
156.89 , 31.0 , -0.004 , -6.186 , 62.14
156.98 , 31.0 , -0.01 , -6.029 , 62.14
157.1 , 31.0 , 0.003 , -5.989 , 62.14
157.19 , 31.0 , 0.003 , -5.989 , 62.14
157.29 , 31.0 , -0.006 , -6.121 , 62.14
157.38 , 31.0 , -0.006 , -6.265 , 62.14
157.5 , 31.0 , -0.006 , -6.265 , 62.14
157.59 , 31.0 , -0.008 , -6.317 , 62.14
157.69 , 31.0 , -0.001 , -6.186 , 62.14
157.78 , 31.0 , -0.004 , -6.068 , 62.14
157.89 , 31.0 , -0.004 , -6.068 , 62.14
157.99 , 31.0 , 0.003 , -6.212 , 62.14
158.09 , 31.0 , -0.01 , -6.068 , 62.14
158.2 , 31.0 , -0.01 , -6.068 , 62.14
158.29 , 31.0 , 0.005 , -6.199 , 62.14
158.41 , 31.0 , -0.008 , -6.252 , 62.14
158.5 , 31.0 , 0.003 , -6.212 , 62.14
158.61 , 31.0 , 0.003 , -6.212 , 62.14
158.71 , 31.0 , -0.004 , -6.199 , 62.14
158.8 , 31.0 , -0.014 , -6.134 , 62.14
158.9 , 31.0 , -0.014 , -6.134 , 62.14
159.0 , 31.0 , -0.006 , -6.37 , 62.14
159.09 , 31.0 , 0.007 , -6.304 , 62.14
159.19 , 31.0 , 0.007 , -6.304 , 62.14
159.28 , 31.0 , -0.01 , -6.356 , 62.14
159.4 , 31.0 , 0.005 , -6.212 , 62.14
159.49 , 31.0 , 0.001 , -6.094 , 62.14
159.59 , 31.0 , 0.001 , -6.094 , 62.14
159.7 , 31.0 , 0.001 , -6.383 , 62.14
159.84 , 31.0 , 0.001 , -6.396 , 62.14
159.94 , 31.0 , -0.008 , -6.356 , 62.14
160.03 , 31.0 , -0.008 , -6.356 , 62.14
160.13 , 31.0 , -0.001 , -6.238 , 62.14
160.23 , 31.0 , 0.005 , -6.265 , 62.14
160.32 , 31.0 , 0.005 , -6.265 , 62.14
160.42 , 31.0 , -0.004 , -6.304 , 62.14
160.51 , 31.0 , -0.006 , -6.265 , 62.14
160.61 , 31.0 , -0.006 , -6.265 , 62.14
160.71 , 31.0 , -0.008 , -6.33 , 62.14
160.8 , 31.0 , -0.001 , -6.33 , 62.14
160.9 , 31.0 , -0.001 , -6.33 , 62.14
160.99 , 31.0 , -0.012 , -6.474 , 62.14
161.09 , 31.0 , -0.008 , -6.317 , 62.14
161.2 , 31.0 , -0.004 , -6.238 , 62.14
161.31 , 31.0 , -0.004 , -6.238 , 62.14
161.41 , 31.0 , 0.001 , -6.383 , 62.14
161.5 , 31.0 , -0.004 , -6.37 , 62.14
161.6 , 31.0 , -0.004 , -6.37 , 62.14
161.7 , 31.0 , -0.008 , -6.265 , 62.14
161.79 , 31.0 , 0.011 , -6.265 , 62.14
161.89 , 31.0 , -0.014 , -6.199 , 62.14
161.98 , 31.0 , -0.014 , -6.199 , 62.14
162.1 , 31.0 , 0.001 , -6.474 , 62.14
162.19 , 31.0 , 0.003 , -6.304 , 62.14
162.3 , 31.0 , 0.003 , -6.304 , 62.14
162.4 , 31.0 , 0.005 , -6.356 , 62.14
162.49 , 31.0 , -0.008 , -6.514 , 62.14
162.59 , 31.0 , -0.008 , -6.514 , 62.14
162.69 , 31.0 , -0.004 , -6.645 , 62.14
162.78 , 31.0 , -0.004 , -6.474 , 62.14
162.89 , 31.0 , -0.001 , -6.409 , 62.14
162.99 , 31.0 , -0.001 , -6.409 , 62.14
163.09 , 31.0 , 0.005 , -6.343 , 62.14
163.2 , 31.0 , 0.001 , -6.487 , 62.14
163.29 , 31.0 , 0.001 , -6.487 , 62.14
163.39 , 31.0 , 0.003 , -6.422 , 62.14
163.48 , 31.0 , -0.012 , -6.409 , 62.14
163.6 , 31.0 , -0.008 , -6.527 , 62.14
163.69 , 31.0 , -0.008 , -6.527 , 62.14
163.79 , 31.0 , -0.012 , -6.514 , 62.14
163.88 , 31.0 , 0.005 , -6.54 , 62.14
164.0 , 31.0 , 0.005 , -6.54 , 62.14
164.09 , 31.0 , -0.001 , -6.619 , 62.14
164.19 , 31.0 , -0.004 , -6.474 , 62.14
164.28 , 31.0 , -0.014 , -6.435 , 62.14
164.39 , 31.0 , -0.014 , -6.435 , 62.14
164.49 , 31.0 , -0.004 , -6.605 , 62.14
164.59 , 31.0 , -0.004 , -6.671 , 62.14
164.7 , 31.0 , -0.004 , -6.671 , 62.14
164.79 , 31.0 , -0.004 , -6.579 , 62.14
164.89 , 31.0 , 0.001 , -6.553 , 62.14
165.0 , 31.0 , 0.001 , -6.553 , 62.14
165.1 , 31.0 , -0.01 , -6.317 , 62.14
165.19 , 31.0 , -0.016 , -6.605 , 62.14
165.29 , 31.0 , -0.006 , -6.501 , 62.14
165.39 , 31.0 , -0.006 , -6.501 , 62.14
165.5 , 31.0 , 0.001 , -6.487 , 62.14
165.59 , 31.0 , -0.004 , -6.605 , 62.14
165.69 , 31.0 , -0.004 , -6.605 , 62.14
165.78 , 31.0 , -0.006 , -6.343 , 62.14
165.9 , 31.0 , -0.008 , -6.71 , 62.14
165.99 , 31.0 , -0.008 , -6.71 , 62.14
166.09 , 31.0 , -0.01 , -6.723 , 62.14
166.18 , 31.0 , -0.006 , -6.776 , 62.14
166.3 , 31.0 , -0.006 , -6.527 , 62.14
166.39 , 31.0 , -0.006 , -6.527 , 62.14
166.49 , 31.0 , -0.01 , -6.619 , 62.14
166.6 , 31.0 , -0.008 , -6.71 , 62.14
166.69 , 31.0 , -0.008 , -6.71 , 62.14
166.79 , 31.0 , -0.004 , -6.553 , 62.14
166.89 , 31.0 , -0.012 , -6.75 , 62.14
166.98 , 31.0 , -0.004 , -6.605 , 62.14
167.09 , 31.0 , -0.004 , -6.605 , 62.14
167.19 , 31.0 , 0.001 , -6.579 , 62.14
167.29 , 31.0 , -0.001 , -6.501 , 62.14
167.38 , 31.0 , -0.001 , -6.501 , 62.14
167.49 , 31.0 , -0.004 , -6.71 , 62.14
167.59 , 31.0 , -0.004 , -6.881 , 62.14
167.69 , 31.0 , 0.001 , -6.789 , 62.14
167.8 , 31.0 , 0.001 , -6.789 , 62.14
167.94 , 31.0 , -0.004 , -6.789 , 62.14
168.04 , 31.0 , -0.01 , -6.763 , 62.14
168.13 , 31.0 , -0.016 , -6.763 , 62.14
168.23 , 31.0 , -0.016 , -6.763 , 62.14
168.32 , 31.0 , -0.014 , -6.763 , 62.14
168.42 , 31.0 , -0.006 , -6.684 , 62.14
168.52 , 31.0 , -0.006 , -6.684 , 62.14
168.61 , 31.0 , -0.01 , -6.92 , 62.14
168.71 , 31.0 , 0.005 , -6.841 , 62.14
168.82 , 31.0 , 0.005 , -6.841 , 62.14
168.92 , 31.0 , 0.001 , -6.697 , 62.14
169.01 , 31.0 , 0.003 , -6.75 , 62.14
169.12 , 31.0 , -0.008 , -6.605 , 62.14
169.22 , 31.0 , -0.008 , -6.605 , 62.14
169.31 , 31.0 , 0.001 , -6.71 , 62.14
169.41 , 31.0 , 0.001 , -6.737 , 62.14
169.52 , 31.0 , 0.001 , -6.737 , 62.14
169.62 , 31.0 , 0.001 , -6.828 , 62.14
169.71 , 31.0 , -0.001 , -6.841 , 62.14
169.81 , 31.0 , -0.004 , -6.684 , 62.14
169.91 , 31.0 , -0.004 , -6.684 , 62.14
170.0 , 31.0 , -0.01 , -6.71 , 62.14
170.1 , 31.0 , -0.001 , -6.776 , 62.14
170.19 , 31.0 , -0.001 , -6.776 , 62.14
170.29 , 31.0 , -0.001 , -6.828 , 62.14
170.38 , 31.0 , -0.004 , -6.828 , 62.14
170.5 , 31.0 , -0.004 , -6.828 , 62.14
170.59 , 31.0 , -0.004 , -6.815 , 62.14
170.7 , 31.0 , -0.004 , -6.854 , 62.14
170.82 , 31.0 , -0.008 , -6.671 , 62.14
170.91 , 31.0 , -0.008 , -6.671 , 62.14
171.01 , 31.0 , -0.014 , -6.854 , 62.14
171.1 , 31.0 , -0.004 , -6.697 , 62.14
171.2 , 31.0 , -0.004 , -6.697 , 62.14
171.3 , 31.0 , -0.008 , -6.684 , 62.14
171.39 , 31.0 , 0.003 , -6.959 , 62.14
171.5 , 31.0 , 0.003 , -6.959 , 62.14
171.6 , 31.0 , -0.001 , -6.802 , 62.14
171.69 , 31.0 , -0.008 , -6.71 , 62.14
171.79 , 31.0 , -0.004 , -6.802 , 62.14
171.9 , 31.0 , -0.004 , -6.802 , 62.14
172.01 , 31.0 , -0.001 , -6.619 , 62.14
172.11 , 31.0 , -0.001 , -6.619 , 62.14
172.21 , 31.0 , -0.001 , -6.619 , 62.14
172.3 , 31.0 , -0.006 , -6.868 , 62.14
172.4 , 31.0 , -0.001 , -6.815 , 62.14
172.49 , 31.0 , -0.001 , -6.815 , 62.14
172.59 , 31.0 , -0.004 , -6.92 , 62.14
172.68 , 31.0 , -0.008 , -6.894 , 62.14
172.8 , 31.0 , -0.008 , -6.789 , 62.14
172.91 , 31.0 , -0.008 , -6.789 , 62.14
173.02 , 31.0 , 0.001 , -6.894 , 62.14
173.12 , 31.0 , -0.006 , -6.854 , 62.14
173.21 , 31.0 , -0.006 , -6.854 , 62.14
173.36 , 31.0 , -0.006 , -6.854 , 62.14
173.45 , 31.0 , -0.014 , -6.946 , 62.14
173.55 , 31.0 , -0.008 , -6.868 , 62.14
173.64 , 31.0 , 0.003 , -7.103 , 62.14
173.74 , 31.0 , 0.003 , -7.103 , 62.14
173.83 , 31.0 , -0.016 , -6.868 , 62.14
173.93 , 31.0 , -0.008 , -6.854 , 62.14
174.03 , 31.0 , -0.008 , -6.854 , 62.14
174.12 , 31.0 , 0.001 , -6.881 , 62.14
174.22 , 31.0 , -0.006 , -6.92 , 62.14
174.31 , 31.0 , -0.006 , -6.92 , 62.14
174.41 , 31.0 , 0.001 , -6.907 , 62.14
174.51 , 31.0 , -0.01 , -6.959 , 62.14
174.6 , 31.0 , -0.01 , -6.959 , 62.14
174.7 , 31.0 , 0.001 , -7.025 , 62.14
174.79 , 31.0 , -0.008 , -6.854 , 62.14
174.89 , 31.0 , -0.008 , -6.854 , 62.14
174.98 , 31.0 , -0.01 , -7.077 , 62.14
175.1 , 31.0 , -0.004 , -6.881 , 62.14
175.19 , 31.0 , -0.001 , -6.959 , 62.14
175.3 , 31.0 , -0.001 , -6.959 , 62.14
175.4 , 31.0 , -0.018 , -7.051 , 62.14
175.5 , 31.0 , 0.003 , -6.946 , 62.14
175.59 , 31.0 , 0.003 , -6.946 , 62.14
175.69 , 31.0 , -0.001 , -6.946 , 62.14
175.78 , 31.0 , -0.001 , -7.117 , 62.14
175.9 , 31.0 , -0.006 , -6.959 , 62.14
176.01 , 31.0 , -0.006 , -6.959 , 62.14
176.1 , 31.0 , -0.004 , -7.13 , 62.14
176.2 , 31.0 , -0.006 , -6.841 , 62.14
176.29 , 31.0 , -0.006 , -6.841 , 62.14
176.39 , 31.0 , -0.006 , -6.815 , 62.14
176.49 , 31.0 , -0.006 , -6.92 , 62.14
176.58 , 31.0 , -0.006 , -6.92 , 62.14
176.69 , 31.0 , 0.001 , -6.986 , 62.14
176.79 , 31.0 , -0.006 , -7.025 , 62.14
176.89 , 31.0 , -0.01 , -7.012 , 62.14
177.0 , 31.0 , -0.01 , -7.012 , 62.14
177.09 , 31.0 , 0.003 , -7.09 , 62.14
177.19 , 31.0 , -0.008 , -7.077 , 62.14
177.28 , 31.0 , -0.008 , -7.077 , 62.14
177.4 , 31.0 , -0.008 , -6.999 , 62.14
177.49 , 31.0 , -0.01 , -6.92 , 62.14
177.59 , 31.0 , -0.006 , -6.92 , 62.14
177.68 , 31.0 , -0.006 , -6.92 , 62.14
177.8 , 31.0 , -0.006 , -6.907 , 62.14
177.94 , 31.0 , -0.018 , -7.09 , 62.14
178.04 , 31.0 , -0.004 , -7.103 , 62.14
178.13 , 31.0 , -0.004 , -7.103 , 62.14
178.23 , 31.0 , -0.001 , -7.064 , 62.14
178.32 , 31.0 , -0.004 , -7.025 , 62.14
178.42 , 31.0 , -0.004 , -7.025 , 62.14
178.51 , 31.0 , -0.016 , -7.103 , 62.14
178.61 , 31.0 , 0.003 , -7.09 , 62.14
178.72 , 31.0 , 0.003 , -7.09 , 62.14
178.82 , 31.0 , -0.001 , -7.064 , 62.14
178.93 , 31.0 , 0.009 , -6.894 , 62.14
179.03 , 31.0 , -0.001 , -6.894 , 62.14
179.14 , 31.0 , -0.001 , -6.894 , 62.14
179.23 , 31.0 , -0.008 , -7.156 , 62.14
179.35 , 31.0 , -0.006 , -7.248 , 62.14
179.44 , 31.0 , -0.006 , -7.025 , 62.14
179.55 , 31.0 , -0.006 , -7.025 , 62.14
179.65 , 31.0 , -0.001 , -7.025 , 62.14
179.74 , 31.0 , -0.018 , -7.103 , 62.14
179.84 , 31.0 , -0.018 , -7.103 , 62.14
179.94 , 31.0 , -0.008 , -7.09 , 62.14
180.05 , 31.0 , -0.004 , -7.13 , 62.14
180.14 , 31.0 , -0.01 , -7.077 , 62.14
180.26 , 31.0 , -0.01 , -7.077 , 62.14
180.35 , 31.0 , 0.001 , -7.103 , 62.14
180.46 , 31.0 , -0.001 , -7.248 , 62.14
180.57 , 31.0 , -0.004 , -6.972 , 62.14
180.67 , 31.0 , -0.004 , -6.972 , 62.14
180.77 , 31.0 , -0.006 , -6.933 , 62.14
180.86 , 31.0 , 0.009 , -6.972 , 62.14
180.96 , 31.0 , 0.009 , -6.972 , 62.14
181.05 , 31.0 , -0.001 , -7.103 , 62.14
181.15 , 31.0 , -0.001 , -7.012 , 62.14
181.26 , 31.0 , -0.001 , -7.012 , 62.14
181.36 , 31.0 , 0.003 , -7.012 , 62.14
181.45 , 31.0 , -0.012 , -6.999 , 62.14
181.55 , 31.0 , -0.012 , -6.999 , 62.14
181.65 , 31.0 , -0.004 , -7.195 , 62.14
181.74 , 31.0 , -0.008 , -6.986 , 62.14
181.84 , 31.0 , 0.001 , -7.051 , 62.14
181.93 , 31.0 , 0.001 , -7.051 , 62.14
182.04 , 31.0 , -0.004 , -7.051 , 62.14
182.16 , 31.0 , -0.012 , -6.999 , 62.14
182.27 , 31.0 , -0.012 , -6.999 , 62.14
182.36 , 31.0 , -0.014 , -7.051 , 62.14
182.46 , 31.0 , -0.008 , -7.195 , 62.14
182.6 , 31.0 , 0.001 , -7.248 , 62.14
182.7 , 31.0 , -0.008 , -7.13 , 62.14
182.8 , 31.0 , -0.008 , -7.13 , 62.14
182.89 , 31.0 , -0.008 , -7.208 , 62.14
182.99 , 31.0 , -0.004 , -7.169 , 62.14
183.08 , 31.0 , -0.004 , -7.169 , 62.14
183.19 , 31.0 , -0.01 , -7.235 , 62.14
183.29 , 31.0 , -0.018 , -7.274 , 62.14
183.4 , 31.0 , -0.018 , -7.274 , 62.14
183.51 , 31.0 , -0.016 , -7.221 , 62.14
183.63 , 31.0 , -0.01 , -7.143 , 62.14
183.72 , 31.0 , -0.004 , -7.221 , 62.14
183.82 , 31.0 , -0.004 , -7.221 , 62.14
183.91 , 31.0 , 0.001 , -7.09 , 62.14
184.01 , 31.0 , -0.006 , -7.195 , 62.14
184.12 , 31.0 , -0.016 , -7.274 , 62.14
184.22 , 31.0 , -0.016 , -7.274 , 62.14
184.31 , 31.0 , -0.012 , -7.169 , 62.14
184.41 , 31.0 , -0.012 , -7.103 , 62.14
184.52 , 31.0 , -0.012 , -7.103 , 62.14
184.62 , 31.0 , 0.007 , -7.261 , 62.14
