caro_circ_III
circ
Time , Disp, Load , Pressure, Volume
0.11 , 0.029 , 0.017 , 121.65 , 0
0.19 , 0.073 , 0.017 , 121.65 , 0
0.29 , 0.129 , 0.023 , 121.703 , 0
0.43 , 0.206 , 0.013 , 121.703 , 0
0.51 , 0.249 , 0.019 , 121.834 , 0
0.6 , 0.302 , 0.019 , 121.834 , 0
0.69 , 0.351 , 0.03 , 121.991 , 0
0.79 , 0.407 , 0.03 , 121.939 , 0
0.93 , 0.486 , 0.03 , 121.939 , 0
1.0 , 0.523 , 0.036 , 121.834 , 0
1.09 , 0.576 , 0.036 , 121.729 , 0
1.19 , 0.629 , 0.036 , 121.729 , 0
1.29 , 0.686 , 0.072 , 121.821 , 0
1.39 , 0.74 , 0.068 , 121.821 , 0
1.49 , 0.796 , 0.057 , 121.912 , 0
1.63 , 0.876 , 0.057 , 121.912 , 0
1.7 , 0.913 , 0.079 , 122.057 , 0
1.8 , 0.967 , 0.089 , 122.581 , 0
1.89 , 1.018 , 0.089 , 122.581 , 0
1.99 , 1.073 , 0.074 , 123.013 , 0
2.13 , 1.151 , 0.072 , 123.04 , 0
2.21 , 1.196 , 0.089 , 123.131 , 0
2.31 , 1.251 , 0.089 , 123.131 , 0
2.39 , 1.296 , 0.106 , 123.42 , 0
2.49 , 1.351 , 0.138 , 123.59 , 0
2.63 , 1.43 , 0.138 , 123.59 , 0
2.71 , 1.474 , 0.111 , 123.59 , 0
2.81 , 1.527 , 0.136 , 123.59 , 0
2.89 , 1.573 , 0.136 , 123.59 , 0
2.99 , 1.629 , 0.147 , 123.944 , 0
3.13 , 1.706 , 0.157 , 124.154 , 0
3.21 , 1.75 , 0.155 , 124.036 , 0
3.3 , 1.803 , 0.155 , 124.036 , 0
3.39 , 1.851 , 0.172 , 123.97 , 0
3.49 , 1.909 , 0.191 , 124.009 , 0
3.59 , 1.962 , 0.191 , 124.009 , 0
3.69 , 2.018 , 0.225 , 123.983 , 0
3.83 , 2.098 , 0.23 , 124.258 , 0
3.9 , 2.137 , 0.259 , 124.219 , 0
4.0 , 2.189 , 0.259 , 124.219 , 0
4.09 , 2.24 , 0.257 , 124.416 , 0
4.19 , 2.297 , 0.287 , 124.416 , 0
4.29 , 2.351 , 0.287 , 124.416 , 0
4.39 , 2.407 , 0.33 , 124.324 , 0
4.53 , 2.484 , 0.359 , 124.455 , 0
4.6 , 2.526 , 0.364 , 124.311 , 0
4.7 , 2.579 , 0.364 , 124.311 , 0
4.79 , 2.629 , 0.41 , 124.573 , 0
4.89 , 2.686 , 0.455 , 124.376 , 0
4.99 , 2.74 , 0.455 , 124.376 , 0
5.09 , 2.797 , 0.491 , 124.455 , 0
5.19 , 2.851 , 0.517 , 124.416 , 0
5.29 , 2.907 , 0.517 , 124.416 , 0
5.43 , 2.983 , 0.574 , 124.167 , 0
5.5 , 3.023 , 0.608 , 123.328 , 0
5.6 , 3.077 , 0.657 , 122.555 , 0
5.69 , 3.129 , 0.657 , 122.555 , 0
5.79 , 3.185 , 0.736 , 122.345 , 0
5.93 , 3.261 , 0.789 , 122.096 , 0
6.0 , 3.301 , 0.789 , 122.096 , 0
6.1 , 3.355 , 0.846 , 122.017 , 0
6.19 , 3.407 , 0.94 , 122.175 , 0
6.29 , 3.462 , 0.989 , 122.345 , 0
6.43 , 3.54 , 0.989 , 122.345 , 0
6.51 , 3.583 , 1.061 , 122.345 , 0
6.61 , 3.638 , 1.176 , 122.24 , 0
6.69 , 3.684 , 1.176 , 122.24 , 0
6.79 , 3.74 , 1.265 , 122.476 , 0
6.93 , 3.82 , 1.372 , 122.358 , 0
7.01 , 3.86 , 1.497 , 122.397 , 0
7.1 , 3.914 , 1.497 , 122.397 , 0
7.19 , 3.962 , 1.612 , 122.044 , 0
7.29 , 4.018 , 1.744 , 122.45 , 0
7.43 , 4.098 , 1.744 , 122.45 , 0
7.51 , 4.141 , 1.903 , 122.371 , 0
7.61 , 4.196 , 2.073 , 122.528 , 0
7.69 , 4.24 , 2.073 , 122.528 , 0
7.79 , 4.296 , 2.226 , 122.332 , 0
7.89 , 4.351 , 2.446 , 122.515 , 0
7.99 , 4.407 , 2.616 , 122.397 , 0
8.13 , 4.486 , 2.616 , 122.397 , 0
8.21 , 4.529 , 2.813 , 122.279 , 0
8.31 , 4.586 , 3.088 , 122.437 , 0
8.39 , 4.629 , 3.088 , 122.437 , 0
8.49 , 4.685 , 3.326 , 122.555 , 0
8.63 , 4.764 , 3.562 , 122.581 , 0
8.71 , 4.805 , 3.87 , 122.424 , 0
8.81 , 4.861 , 3.87 , 122.424 , 0
8.89 , 4.907 , 4.06 , 122.607 , 0
8.99 , 4.963 , 3.977 , 122.437 , 0
9.13 , 5.042 , 3.977 , 122.437 , 0
9.2 , 5.081 , 4.125 , 122.673 , 0
9.3 , 5.136 , 4.561 , 122.699 , 0
9.39 , 5.185 , 4.561 , 122.699 , 0
9.49 , 5.24 , 4.874 , 122.751 , 0
9.59 , 5.296 , 5.238 , 122.581 , 0
9.69 , 5.351 , 5.58 , 122.777 , 0
9.83 , 5.43 , 5.58 , 122.777 , 0
9.9 , 5.47 , 5.893 , 122.607 , 0
10.0 , 5.524 , 6.271 , 122.738 , 0
10.09 , 5.574 , 6.271 , 122.738 , 0
10.19 , 5.632 , 6.616 , 122.62 , 0
10.29 , 5.684 , 6.96 , 122.607 , 0
10.39 , 5.742 , 6.96 , 122.607 , 0
10.49 , 5.796 , 7.33 , 122.895 , 0
10.59 , 5.853 , 7.728 , 122.646 , 0
10.69 , 5.907 , 8.028 , 122.791 , 0
10.79 , 5.962 , 8.028 , 122.791 , 0
10.93 , 6.042 , 8.276 , 122.869 , 0
11.01 , 6.083 , 8.408 , 122.882 , 0
11.1 , 6.137 , 8.408 , 122.882 , 0
11.19 , 6.185 , 8.553 , 122.817 , 0
11.29 , 6.24 , 8.547 , 122.712 , 0
11.43 , 6.32 , 7.996 , 123.013 , 0
11.51 , 6.36 , 7.996 , 123.013 , 0
11.6 , 6.411 , 6.626 , 122.686 , 0
11.69 , 6.462 , 5.495 , 122.791 , 0
11.79 , 6.518 , 5.495 , 122.791 , 0
11.93 , 6.596 , 3.858 , 122.856 , 0
12.0 , 6.637 , 2.403 , 122.935 , 0
12.1 , 6.688 , 2.056 , 122.935 , 0
12.19 , 6.74 , 2.056 , 122.935 , 0
12.29 , 6.797 , 1.98 , 122.686 , 0
12.39 , 6.851 , 1.961 , 122.791 , 0
12.49 , 6.907 , 1.961 , 122.791 , 0
12.63 , 6.987 , 1.929 , 122.686 , 0
12.7 , 7.026 , 1.842 , 122.882 , 0
12.8 , 7.079 , 1.842 , 122.882 , 0
12.89 , 7.129 , 1.767 , 123.0 , 0
12.99 , 7.185 , 1.674 , 122.83 , 0
13.13 , 7.26 , 1.606 , 122.804 , 0
13.2 , 7.304 , 1.606 , 122.804 , 0
13.3 , 7.357 , 1.552 , 122.699 , 0
13.39 , 7.407 , 1.486 , 122.83 , 0
13.5 , 7.466 , 1.486 , 122.83 , 0
13.59 , 7.518 , 1.421 , 122.594 , 0
13.69 , 7.575 , 1.346 , 122.856 , 0
13.79 , 7.629 , 1.314 , 122.895 , 0
13.89 , 7.684 , 1.314 , 122.895 , 0
14.03 , 7.765 , 1.276 , 122.817 , 0
14.11 , 7.806 , 1.253 , 122.882 , 0
14.2 , 7.856 , 1.253 , 122.882 , 0
14.29 , 7.907 , 1.233 , 122.62 , 0
14.39 , 7.962 , 1.214 , 122.515 , 0
14.53 , 8.04 , 1.214 , 122.515 , 0
14.6 , 8.079 , 1.208 , 122.555 , 0
14.7 , 8.134 , 1.206 , 122.45 , 0
14.79 , 8.184 , 1.176 , 122.45 , 0
14.89 , 8.24 , 1.176 , 122.45 , 0
15.03 , 8.316 , 1.165 , 122.161 , 0
15.1 , 8.358 , 1.146 , 122.161 , 0
15.2 , 8.413 , 1.146 , 122.161 , 0
15.29 , 8.462 , 1.121 , 122.161 , 0
15.39 , 8.519 , 1.112 , 122.096 , 0
15.49 , 8.573 , 1.104 , 122.017 , 0
15.59 , 8.63 , 1.104 , 122.017 , 0
15.69 , 8.684 , 1.129 , 122.175 , 0
15.79 , 8.741 , 1.136 , 122.227 , 0
15.89 , 8.796 , 1.136 , 122.227 , 0
15.99 , 8.853 , 1.125 , 122.188 , 0
16.09 , 8.907 , 1.142 , 122.161 , 0
16.19 , 8.962 , 1.144 , 122.41 , 0
16.33 , 9.039 , 1.144 , 122.41 , 0
16.41 , 9.085 , 1.131 , 122.345 , 0
16.51 , 9.14 , 1.108 , 122.109 , 0
16.59 , 9.184 , 1.108 , 122.109 , 0
16.69 , 9.24 , 1.133 , 122.266 , 0
16.83 , 9.316 , 1.129 , 122.227 , 0
16.9 , 9.358 , 1.127 , 122.004 , 0
17.0 , 9.413 , 1.127 , 122.004 , 0
17.09 , 9.462 , 1.133 , 122.083 , 0
17.19 , 9.518 , 1.146 , 122.004 , 0
17.29 , 9.573 , 1.146 , 122.004 , 0
17.4 , 9.633 , 1.136 , 122.319 , 0
17.49 , 9.685 , 1.155 , 122.227 , 0
17.59 , 9.742 , 1.155 , 122.227 , 0
17.69 , 9.796 , 1.138 , 122.175 , 0
17.79 , 9.853 , 1.159 , 122.017 , 0
17.89 , 9.907 , 1.148 , 121.899 , 0
17.99 , 9.962 , 1.148 , 121.899 , 0
18.13 , 10.041 , 1.187 , 121.873 , 0
18.21 , 10.085 , 1.178 , 121.899 , 0
18.3 , 10.137 , 1.178 , 121.899 , 0
18.39 , 10.184 , 1.199 , 121.86 , 0
18.5 , 10.243 , 1.201 , 121.912 , 0
18.59 , 10.295 , 1.201 , 121.912 , 0
18.69 , 10.352 , 1.208 , 121.821 , 0
18.79 , 10.406 , 1.195 , 121.768 , 0
18.89 , 10.462 , 1.178 , 122.03 , 0
19.03 , 10.542 , 1.178 , 122.03 , 0
19.11 , 10.585 , 1.176 , 122.463 , 0
19.22 , 10.643 , 1.184 , 122.437 , 0
19.29 , 10.687 , 1.184 , 122.437 , 0
19.4 , 10.743 , 1.165 , 122.66 , 0
19.49 , 10.796 , 1.138 , 122.45 , 0
19.6 , 10.854 , 1.125 , 122.45 , 0
19.69 , 10.907 , 1.125 , 122.45 , 0
19.79 , 10.963 , 1.131 , 122.397 , 0
19.93 , 11.038 , 1.104 , 122.057 , 0
20.0 , 11.079 , 1.104 , 122.057 , 0
20.09 , 11.132 , 1.112 , 122.148 , 0
20.19 , 11.184 , 1.102 , 122.24 , 0
20.29 , 11.24 , 1.102 , 122.24 , 0
20.43 , 11.316 , 1.093 , 121.952 , 0
20.5 , 11.358 , 1.104 , 121.873 , 0
20.6 , 11.413 , 1.087 , 121.952 , 0
20.69 , 11.462 , 1.087 , 121.952 , 0
20.79 , 11.519 , 1.08 , 121.768 , 0
20.89 , 11.573 , 1.074 , 121.939 , 0
20.99 , 11.631 , 1.074 , 121.939 , 0
21.09 , 11.684 , 1.07 , 121.978 , 0
21.19 , 11.74 , 1.072 , 121.834 , 0
21.33 , 11.815 , 1.038 , 121.821 , 0
21.4 , 11.858 , 1.038 , 121.821 , 0
21.51 , 11.916 , 1.053 , 121.742 , 0
21.59 , 11.962 , 1.031 , 121.912 , 0
21.7 , 12.021 , 1.031 , 121.912 , 0
21.79 , 12.074 , 1.021 , 121.834 , 0
21.89 , 12.129 , 1.006 , 122.07 , 0
22.03 , 12.206 , 0.997 , 122.083 , 0
22.11 , 12.253 , 0.997 , 122.083 , 0
22.22 , 12.31 , 0.982 , 121.834 , 0
22.29 , 12.352 , 0.946 , 121.768 , 0
22.39 , 12.41 , 0.946 , 121.768 , 0
22.49 , 12.462 , 0.927 , 121.559 , 0
22.59 , 12.518 , 0.891 , 121.821 , 0
22.73 , 12.598 , 0.891 , 121.821 , 0
22.81 , 12.64 , 0.851 , 121.742 , 0
22.91 , 12.697 , 0.825 , 121.794 , 0
22.99 , 12.74 , 0.802 , 121.821 , 0
23.09 , 12.795 , 0.802 , 121.821 , 0
23.23 , 12.875 , 0.802 , 121.69 , 0
23.31 , 12.92 , 0.774 , 121.729 , 0
23.42 , 12.979 , 0.774 , 121.729 , 0
23.49 , 13.019 , 0.751 , 121.768 , 0
23.59 , 13.074 , 0.744 , 121.663 , 0
23.73 , 13.153 , 0.732 , 121.755 , 0
23.81 , 13.195 , 0.732 , 121.755 , 0
23.91 , 13.253 , 0.746 , 121.821 , 0
23.99 , 13.297 , 0.717 , 121.912 , 0
24.09 , 13.351 , 0.717 , 121.912 , 0
24.23 , 13.43 , 0.7 , 121.794 , 0
24.31 , 13.472 , 0.691 , 121.834 , 0
24.41 , 13.53 , 0.691 , 121.834 , 0
24.5 , 13.577 , 0.67 , 121.873 , 0
24.59 , 13.629 , 0.672 , 121.926 , 0
24.69 , 13.685 , 0.657 , 121.768 , 0
24.79 , 13.74 , 0.657 , 121.768 , 0
24.93 , 13.816 , 0.644 , 121.532 , 0
25.01 , 13.863 , 0.642 , 121.283 , 0
25.11 , 13.919 , 0.642 , 121.283 , 0
25.19 , 13.962 , 0.636 , 121.729 , 0
25.29 , 14.018 , 0.64 , 121.611 , 0
25.43 , 14.094 , 0.619 , 121.65 , 0
25.52 , 14.144 , 0.619 , 121.65 , 0
25.61 , 14.198 , 0.604 , 121.755 , 0
25.7 , 14.245 , 0.608 , 121.677 , 0
25.8 , 14.302 , 0.608 , 121.677 , 0
25.89 , 14.351 , 0.57 , 121.821 , 0
25.99 , 14.406 , 0.561 , 121.677 , 0
26.13 , 14.486 , 0.557 , 121.886 , 0
26.21 , 14.529 , 0.557 , 121.886 , 0
26.31 , 14.587 , 0.525 , 121.86 , 0
26.39 , 14.63 , 0.517 , 121.755 , 0
26.49 , 14.685 , 0.517 , 121.755 , 0
26.59 , 14.74 , 0.489 , 121.703 , 0
26.69 , 14.795 , 0.476 , 121.703 , 0
26.83 , 14.872 , 0.476 , 121.703 , 0
26.9 , 14.914 , 0.459 , 121.847 , 0
27.0 , 14.969 , 0.423 , 121.808 , 0
27.09 , 15.018 , 0.417 , 121.821 , 0
27.19 , 15.073 , 0.417 , 121.821 , 0
27.33 , 15.153 , 0.393 , 121.585 , 0
27.42 , 15.2 , 0.357 , 121.965 , 0
27.52 , 15.254 , 0.357 , 121.965 , 0
27.6 , 15.304 , 0.345 , 121.768 , 0
27.7 , 15.359 , 0.359 , 121.69 , 0
27.79 , 15.407 , 0.308 , 121.926 , 0
27.89 , 15.462 , 0.308 , 121.926 , 0
28.03 , 15.538 , 0.289 , 121.781 , 0
28.1 , 15.58 , 0.289 , 121.768 , 0
28.2 , 15.634 , 0.289 , 121.768 , 0
28.29 , 15.685 , 0.276 , 122.03 , 0
28.39 , 15.74 , 0.259 , 121.808 , 0
28.53 , 15.816 , 0.259 , 121.808 , 0
28.6 , 15.858 , 0.247 , 121.86 , 0
28.71 , 15.918 , 0.24 , 121.847 , 0
28.79 , 15.962 , 0.232 , 121.716 , 0
28.89 , 16.017 , 0.232 , 121.716 , 0
29.03 , 16.095 , 0.238 , 121.886 , 0
29.1 , 16.136 , 0.213 , 121.729 , 0
