caro_long_III
long
Time , Disp, Load , Pressure, Volume
0.11 , 0.029 , 0.028 , 118.924 , 0
0.18 , 0.066 , 0.004 , 118.833 , 0
0.28 , 0.121 , -0.002 , 119.068 , 0
0.42 , 0.199 , -0.002 , 119.068 , 0
0.49 , 0.239 , 0.011 , 118.977 , 0
0.59 , 0.293 , -0.004 , 119.121 , 0
0.68 , 0.344 , 0.004 , 119.055 , 0
0.78 , 0.399 , 0.004 , 119.055 , 0
0.92 , 0.479 , 0.023 , 118.819 , 0
1.0 , 0.521 , 0.036 , 118.99 , 0
1.09 , 0.575 , 0.036 , 118.99 , 0
1.18 , 0.622 , 0.034 , 118.846 , 0
1.28 , 0.677 , 0.057 , 118.833 , 0
1.42 , 0.755 , 0.049 , 118.885 , 0
1.49 , 0.797 , 0.049 , 118.885 , 0
1.59 , 0.85 , 0.055 , 118.924 , 0
1.68 , 0.899 , 0.077 , 118.754 , 0
1.78 , 0.955 , 0.077 , 118.754 , 0
1.92 , 1.035 , 0.072 , 118.715 , 0
1.99 , 1.074 , 0.085 , 118.885 , 0
2.09 , 1.129 , 0.085 , 118.885 , 0
2.18 , 1.177 , 0.087 , 118.688 , 0
2.29 , 1.238 , 0.117 , 118.846 , 0
2.38 , 1.288 , 0.134 , 118.728 , 0
2.48 , 1.345 , 0.134 , 118.728 , 0
2.58 , 1.4 , 0.125 , 118.767 , 0
2.68 , 1.455 , 0.153 , 119.068 , 0
2.82 , 1.536 , 0.153 , 119.068 , 0
2.89 , 1.576 , 0.142 , 118.872 , 0
2.99 , 1.629 , 0.172 , 118.846 , 0
3.08 , 1.677 , 0.181 , 118.793 , 0
3.18 , 1.733 , 0.181 , 118.793 , 0
3.32 , 1.811 , 0.168 , 118.806 , 0
3.39 , 1.851 , 0.198 , 118.964 , 0
3.49 , 1.908 , 0.198 , 118.964 , 0
3.58 , 1.955 , 0.217 , 118.78 , 0
3.68 , 2.013 , 0.211 , 118.754 , 0
3.78 , 2.066 , 0.211 , 118.754 , 0
3.88 , 2.122 , 0.228 , 118.937 , 0
4.02 , 2.202 , 0.249 , 118.767 , 0
4.09 , 2.242 , 0.249 , 118.937 , 0
4.19 , 2.295 , 0.249 , 118.937 , 0
4.28 , 2.344 , 0.276 , 118.584 , 0
4.38 , 2.399 , 0.321 , 118.728 , 0
4.52 , 2.478 , 0.321 , 118.728 , 0
4.59 , 2.518 , 0.34 , 118.715 , 0
4.69 , 2.573 , 0.383 , 118.793 , 0
4.78 , 2.621 , 0.425 , 118.859 , 0
4.88 , 2.677 , 0.425 , 118.859 , 0
5.02 , 2.755 , 0.483 , 118.846 , 0
5.09 , 2.795 , 0.555 , 118.833 , 0
5.19 , 2.849 , 0.555 , 118.833 , 0
5.28 , 2.899 , 0.666 , 119.173 , 0
5.38 , 2.955 , 0.77 , 119.239 , 0
5.52 , 3.032 , 0.908 , 119.134 , 0
5.59 , 3.075 , 0.908 , 119.134 , 0
5.69 , 3.129 , 1.08 , 119.593 , 0
5.78 , 3.177 , 1.225 , 119.553 , 0
5.88 , 3.233 , 1.225 , 119.553 , 0
6.02 , 3.311 , 1.41 , 119.488 , 0
6.09 , 3.352 , 1.65 , 119.593 , 0
6.19 , 3.406 , 1.65 , 119.593 , 0
6.28 , 3.455 , 1.852 , 119.566 , 0
6.38 , 3.511 , 2.041 , 119.514 , 0
6.52 , 3.59 , 2.307 , 119.593 , 0
6.59 , 3.631 , 2.307 , 119.593 , 0
6.7 , 3.686 , 2.524 , 119.684 , 0
6.78 , 3.733 , 2.745 , 119.055 , 0
6.88 , 3.788 , 2.745 , 119.055 , 0
7.01 , 3.866 , 3.013 , 118.846 , 0
7.08 , 3.904 , 3.254 , 118.898 , 0
7.18 , 3.956 , 3.473 , 118.793 , 0
7.28 , 4.011 , 3.473 , 118.793 , 0
7.38 , 4.066 , 3.715 , 118.95 , 0
7.52 , 4.146 , 3.974 , 118.78 , 0
7.59 , 4.188 , 3.974 , 118.78 , 0
7.69 , 4.241 , 4.172 , 118.833 , 0
7.78 , 4.288 , 4.306 , 118.898 , 0
7.88 , 4.344 , 4.306 , 118.898 , 0
8.02 , 4.423 , 4.508 , 118.78 , 0
8.09 , 4.463 , 4.702 , 118.793 , 0
8.19 , 4.517 , 4.91 , 118.741 , 0
8.28 , 4.566 , 4.91 , 118.741 , 0
8.38 , 4.622 , 5.116 , 118.806 , 0
8.48 , 4.677 , 5.263 , 118.95 , 0
8.58 , 4.733 , 5.263 , 118.95 , 0
8.72 , 4.812 , 5.438 , 118.754 , 0
8.79 , 4.852 , 5.61 , 118.767 , 0
8.89 , 4.907 , 5.74 , 118.872 , 0
8.98 , 4.955 , 5.74 , 118.872 , 0
9.08 , 5.01 , 5.854 , 118.754 , 0
9.22 , 5.09 , 5.954 , 118.767 , 0
9.3 , 5.132 , 5.954 , 118.767 , 0
9.4 , 5.188 , 6.016 , 118.833 , 0
9.48 , 5.233 , 6.095 , 118.728 , 0
9.58 , 5.288 , 6.095 , 118.728 , 0
9.72 , 5.367 , 6.141 , 118.767 , 0
9.8 , 5.411 , 6.173 , 118.741 , 0
9.89 , 5.462 , 6.124 , 118.78 , 0
9.98 , 5.511 , 6.124 , 118.78 , 0
10.08 , 5.566 , 6.041 , 118.833 , 0
10.22 , 5.647 , 5.95 , 118.859 , 0
10.3 , 5.689 , 5.876 , 118.701 , 0
10.4 , 5.746 , 5.876 , 118.701 , 0
10.48 , 5.788 , 5.725 , 118.662 , 0
10.58 , 5.844 , 5.616 , 118.728 , 0
10.72 , 5.922 , 5.616 , 118.728 , 0
10.79 , 5.962 , 5.489 , 118.95 , 0
10.89 , 6.019 , 5.308 , 118.806 , 0
10.98 , 6.066 , 5.308 , 118.806 , 0
11.08 , 6.122 , 5.187 , 118.597 , 0
11.18 , 6.177 , 5.102 , 118.885 , 0
11.28 , 6.233 , 4.804 , 118.859 , 0
11.42 , 6.311 , 4.804 , 118.859 , 0
11.49 , 6.352 , 4.413 , 118.793 , 0
11.59 , 6.408 , 4.164 , 118.833 , 0
11.68 , 6.455 , 4.164 , 118.833 , 0
11.78 , 6.511 , 4.043 , 118.833 , 0
11.88 , 6.566 , 3.94 , 118.885 , 0
11.98 , 6.622 , 3.94 , 118.885 , 0
12.12 , 6.702 , 3.811 , 118.885 , 0
12.19 , 6.742 , 3.692 , 118.833 , 0
12.29 , 6.798 , 3.598 , 118.806 , 0
12.38 , 6.844 , 3.598 , 118.806 , 0
12.48 , 6.9 , 3.494 , 118.806 , 0
12.62 , 6.979 , 3.371 , 118.872 , 0
12.69 , 7.02 , 3.256 , 118.95 , 0
12.79 , 7.074 , 3.256 , 118.95 , 0
12.88 , 7.122 , 3.173 , 118.767 , 0
12.98 , 7.178 , 3.115 , 118.662 , 0
13.08 , 7.233 , 3.115 , 118.662 , 0
13.18 , 7.288 , 3.056 , 118.741 , 0
13.32 , 7.369 , 2.905 , 118.859 , 0
13.4 , 7.41 , 2.905 , 118.859 , 0
13.5 , 7.468 , 1.695 , 118.728 , 0
13.58 , 7.51 , 0.742 , 118.872 , 0
13.68 , 7.566 , 0.742 , 118.872 , 0
13.78 , 7.622 , 0.663 , 118.911 , 0
13.88 , 7.68 , 0.625 , 118.793 , 0
13.98 , 7.733 , 0.583 , 118.767 , 0
14.08 , 7.788 , 0.583 , 118.767 , 0
14.22 , 7.867 , 0.585 , 118.688 , 0
14.29 , 7.907 , 0.602 , 118.846 , 0
14.38 , 7.957 , 0.602 , 118.846 , 0
14.48 , 8.011 , 0.587 , 118.741 , 0
14.58 , 8.066 , 0.598 , 118.872 , 0
14.72 , 8.144 , 0.581 , 118.675 , 0
14.79 , 8.182 , 0.581 , 118.675 , 0
14.89 , 8.238 , 0.578 , 118.715 , 0
14.98 , 8.288 , 0.555 , 118.977 , 0
15.08 , 8.345 , 0.555 , 118.977 , 0
15.18 , 8.399 , 0.53 , 118.675 , 0
15.28 , 8.459 , 0.51 , 118.636 , 0
15.38 , 8.511 , 0.51 , 118.636 , 0
15.48 , 8.567 , 0.485 , 118.859 , 0
15.58 , 8.622 , 0.472 , 118.859 , 0
15.68 , 8.677 , 0.457 , 118.688 , 0
15.82 , 8.755 , 0.457 , 118.688 , 0
15.89 , 8.796 , 0.43 , 118.728 , 0
15.98 , 8.847 , 0.432 , 118.937 , 0
16.08 , 8.9 , 0.432 , 118.937 , 0
16.18 , 8.955 , 0.419 , 118.767 , 0
16.31 , 9.031 , 0.385 , 118.584 , 0
16.39 , 9.071 , 0.347 , 118.898 , 0
16.49 , 9.128 , 0.347 , 118.898 , 0
16.58 , 9.177 , 0.223 , 118.859 , 0
16.68 , 9.233 , 0.177 , 118.977 , 0
16.82 , 9.313 , 0.177 , 118.977 , 0
16.9 , 9.355 , 0.147 , 118.767 , 0
17.0 , 9.411 , 0.134 , 118.741 , 0
17.08 , 9.455 , 0.132 , 118.846 , 0
17.18 , 9.511 , 0.132 , 118.846 , 0
17.28 , 9.566 , 0.102 , 118.793 , 0
17.38 , 9.621 , 0.096 , 118.846 , 0
17.51 , 9.699 , 0.096 , 118.846 , 0
17.59 , 9.741 , 0.102 , 118.885 , 0
17.69 , 9.795 , 0.096 , 118.793 , 0
17.78 , 9.844 , 0.096 , 118.793 , 0
17.88 , 9.901 , 0.079 , 118.911 , 0
17.98 , 9.955 , 0.062 , 118.793 , 0
18.08 , 10.011 , 0.036 , 118.754 , 0
18.18 , 10.066 , 0.036 , 118.754 , 0
18.28 , 10.121 , 0.036 , 118.833 , 0
18.41 , 10.198 , 0.032 , 118.819 , 0
18.49 , 10.241 , 0.032 , 118.819 , 0
18.59 , 10.299 , 0.026 , 118.505 , 0
18.68 , 10.344 , 0.043 , 118.649 , 0
18.78 , 10.402 , 0.032 , 118.662 , 0
18.88 , 10.455 , 0.032 , 118.662 , 0
18.98 , 10.513 , 0.006 , 118.741 , 0
19.08 , 10.566 , 0.011 , 118.859 , 0
19.18 , 10.623 , 0.011 , 118.859 , 0
19.28 , 10.677 , 0.002 , 118.937 , 0
19.38 , 10.736 , -0.013 , 118.78 , 0
19.48 , 10.789 , -0.013 , 118.78 , 0
19.59 , 10.848 , -0.021 , 118.767 , 0
19.68 , 10.899 , -0.034 , 118.675 , 0
19.78 , 10.955 , -0.013 , 118.793 , 0
19.92 , 11.036 , -0.013 , 118.793 , 0
20.0 , 11.081 , -0.017 , 118.78 , 0
20.1 , 11.134 , 0.002 , 118.806 , 0
20.18 , 11.177 , 0.002 , 118.806 , 0
20.28 , 11.233 , -0.028 , 119.082 , 0
20.42 , 11.312 , -0.036 , 118.898 , 0
20.49 , 11.353 , -0.032 , 119.003 , 0
20.59 , 11.405 , -0.032 , 119.003 , 0
20.68 , 11.455 , -0.053 , 118.977 , 0
20.78 , 11.511 , -0.057 , 119.016 , 0
20.88 , 11.566 , -0.057 , 119.016 , 0
20.98 , 11.624 , -0.062 , 118.937 , 0
21.08 , 11.677 , -0.055 , 118.754 , 0
21.18 , 11.733 , -0.055 , 118.754 , 0
21.28 , 11.788 , -0.074 , 118.95 , 0
21.38 , 11.844 , -0.072 , 119.055 , 0
21.52 , 11.924 , -0.074 , 119.029 , 0
21.59 , 11.964 , -0.074 , 119.029 , 0
21.7 , 12.022 , -0.055 , 118.924 , 0
21.78 , 12.066 , -0.066 , 118.964 , 0
21.88 , 12.125 , -0.066 , 118.964 , 0
21.98 , 12.177 , -0.083 , 118.95 , 0
22.09 , 12.238 , -0.079 , 119.029 , 0
22.18 , 12.288 , -0.089 , 119.068 , 0
22.28 , 12.344 , -0.089 , 119.068 , 0
22.42 , 12.424 , -0.077 , 118.833 , 0
22.5 , 12.469 , -0.094 , 118.911 , 0
22.6 , 12.521 , -0.094 , 118.911 , 0
22.68 , 12.566 , -0.087 , 118.937 , 0
22.78 , 12.622 , -0.091 , 118.99 , 0
22.92 , 12.701 , -0.089 , 118.806 , 0
22.99 , 12.743 , -0.089 , 118.806 , 0
23.09 , 12.796 , -0.091 , 118.911 , 0
23.18 , 12.844 , -0.081 , 119.029 , 0
23.28 , 12.903 , -0.081 , 119.029 , 0
23.38 , 12.955 , -0.083 , 118.675 , 0
