ech1_S15_P200_suite
Time , Disp, Load , Pressure, Volume
0.07 , 25.0 , 1.824 , 143.878 , 0
0.17 , 25.0 , 1.785 , 144.035 , 0
0.28 , 25.0 , 1.785 , 144.035 , 0
0.38 , 25.0 , 1.817 , 143.852 , 0
0.48 , 25.0 , 1.817 , 143.852 , 0
0.57 , 25.0 , 1.811 , 133.682 , 0
0.68 , 25.0 , 1.811 , 133.682 , 0
0.78 , 25.0 , 1.754 , 131.821 , 0

Pause

0.88 , 25.0 , 1.754 , 131.821 , 0
0.97 , 25.0 , 1.628 , 128.361 , 0
1.07 , 25.0 , 1.628 , 128.361 , 0
1.18 , 25.0 , 1.616 , 129.016 , 0
1.28 , 25.0 , 1.616 , 129.016 , 0
1.37 , 25.0 , 1.59 , 129.357 , 0
1.47 , 25.0 , 1.59 , 129.357 , 0
1.58 , 25.0 , 1.601 , 129.829 , 0
1.68 , 25.0 , 1.601 , 129.829 , 0
1.77 , 25.0 , 1.609 , 129.842 , 0
1.87 , 25.0 , 1.601 , 130.025 , 0
1.98 , 25.0 , 1.601 , 130.025 , 0
2.08 , 25.0 , 1.622 , 129.946 , 0
2.17 , 25.0 , 1.622 , 129.946 , 0
2.27 , 25.0 , 1.607 , 129.946 , 0
2.38 , 25.0 , 1.607 , 129.946 , 0
2.48 , 25.0 , 1.599 , 129.92 , 0
2.57 , 25.0 , 1.599 , 129.92 , 0
2.67 , 25.0 , 1.622 , 129.933 , 0
2.78 , 25.0 , 1.622 , 129.933 , 0
2.88 , 25.0 , 1.607 , 129.894 , 0
2.97 , 25.0 , 1.607 , 129.894 , 0
3.07 , 25.0 , 1.605 , 129.96 , 0
3.18 , 25.0 , 1.605 , 129.96 , 0
3.28 , 25.0 , 1.603 , 129.973 , 0
3.37 , 25.0 , 1.603 , 129.973 , 0
3.47 , 25.0 , 1.601 , 130.143 , 0
3.58 , 25.0 , 1.601 , 130.143 , 0
3.68 , 25.0 , 1.611 , 130.34 , 0
3.77 , 25.0 , 1.611 , 130.34 , 0
3.87 , 25.0 , 1.63 , 130.274 , 0
3.98 , 25.0 , 1.63 , 130.274 , 0
4.08 , 25.0 , 1.603 , 130.379 , 0
4.17 , 25.0 , 1.62 , 130.602 , 0
4.27 , 25.0 , 1.62 , 130.602 , 0
4.38 , 25.0 , 1.62 , 130.405 , 0
4.48 , 25.0 , 1.62 , 130.405 , 0
4.57 , 25.0 , 1.616 , 130.523 , 0
4.67 , 25.0 , 1.616 , 130.523 , 0
4.78 , 25.0 , 1.609 , 130.392 , 0
4.88 , 25.0 , 1.609 , 130.392 , 0
4.97 , 25.0 , 1.628 , 130.628 , 0
5.07 , 25.0 , 1.628 , 130.628 , 0
5.18 , 25.0 , 1.579 , 130.458 , 0
5.28 , 25.0 , 1.579 , 130.458 , 0
5.38 , 25.0 , 1.596 , 130.51 , 0
5.47 , 25.0 , 1.596 , 130.51 , 0
5.58 , 25.0 , 1.62 , 130.615 , 0
5.68 , 25.0 , 1.62 , 130.615 , 0
5.78 , 25.0 , 1.613 , 130.589 , 0
5.87 , 25.0 , 1.613 , 130.589 , 0
5.98 , 25.0 , 1.605 , 130.746 , 0
6.08 , 25.0 , 1.605 , 130.746 , 0
6.18 , 25.0 , 1.609 , 130.72 , 0
6.27 , 25.0 , 1.609 , 130.72 , 0
6.37 , 25.0 , 1.613 , 130.798 , 0
6.48 , 25.0 , 1.618 , 130.707 , 0
6.58 , 25.0 , 1.618 , 130.707 , 0
6.67 , 25.0 , 1.618 , 130.707 , 0
6.77 , 25.0 , 1.618 , 130.707 , 0
6.88 , 25.0 , 1.607 , 130.733 , 0
6.98 , 25.0 , 1.607 , 130.733 , 0
7.07 , 25.0 , 1.605 , 130.772 , 0
7.17 , 25.0 , 1.605 , 130.772 , 0
7.28 , 25.0 , 1.601 , 130.851 , 0
7.38 , 25.0 , 1.601 , 130.851 , 0
7.47 , 25.0 , 1.613 , 130.772 , 0
7.57 , 25.0 , 1.613 , 130.772 , 0
7.68 , 25.0 , 1.601 , 130.746 , 0
7.78 , 25.0 , 1.601 , 130.746 , 0
7.87 , 25.0 , 1.609 , 130.956 , 0
7.97 , 25.0 , 1.609 , 130.956 , 0
8.08 , 25.0 , 1.611 , 130.785 , 0
8.18 , 25.0 , 1.611 , 130.785 , 0
8.27 , 25.0 , 1.616 , 131.034 , 0
8.37 , 25.0 , 1.616 , 131.034 , 0
8.48 , 25.0 , 1.596 , 131.008 , 0
8.58 , 25.0 , 1.596 , 131.008 , 0
8.67 , 25.0 , 1.622 , 131.139 , 0
8.77 , 25.0 , 1.611 , 130.811 , 0
8.88 , 25.0 , 1.611 , 130.811 , 0
8.98 , 25.0 , 1.618 , 131.087 , 0
9.07 , 25.0 , 1.618 , 131.087 , 0
9.17 , 25.0 , 1.603 , 131.113 , 0
9.28 , 25.0 , 1.603 , 131.113 , 0
9.38 , 25.0 , 1.603 , 130.89 , 0
9.47 , 25.0 , 1.603 , 130.89 , 0
9.57 , 25.0 , 1.624 , 131.087 , 0
9.68 , 25.0 , 1.624 , 131.087 , 0
9.78 , 25.0 , 1.607 , 131.126 , 0
9.87 , 25.0 , 1.607 , 131.126 , 0
9.97 , 25.0 , 1.613 , 131.139 , 0
10.08 , 25.0 , 1.613 , 131.139 , 0
10.18 , 25.0 , 1.609 , 131.087 , 0
10.28 , 25.0 , 1.609 , 131.087 , 0
10.37 , 25.0 , 1.616 , 131.139 , 0
10.47 , 25.0 , 1.616 , 131.139 , 0
10.58 , 25.0 , 1.603 , 131.139 , 0
10.68 , 25.0 , 1.603 , 131.139 , 0
10.77 , 25.0 , 1.592 , 131.218 , 0
10.87 , 25.0 , 1.592 , 131.218 , 0
10.98 , 25.0 , 1.586 , 131.165 , 0
11.08 , 25.0 , 1.607 , 131.008 , 0
11.17 , 25.0 , 1.607 , 131.008 , 0
11.27 , 25.0 , 1.613 , 131.323 , 0
11.38 , 25.0 , 1.613 , 131.323 , 0
11.48 , 25.0 , 1.601 , 131.244 , 0
11.57 , 25.0 , 1.601 , 131.244 , 0
11.67 , 25.0 , 1.601 , 131.139 , 0
11.78 , 25.0 , 1.601 , 131.139 , 0
11.88 , 25.0 , 1.592 , 131.27 , 0
11.97 , 25.0 , 1.592 , 131.27 , 0
12.07 , 25.0 , 1.609 , 131.034 , 0
12.18 , 25.0 , 1.609 , 131.034 , 0
12.28 , 25.0 , 1.599 , 131.113 , 0
12.37 , 25.0 , 1.599 , 131.113 , 0
12.47 , 25.0 , 1.607 , 131.231 , 0
12.58 , 25.0 , 1.607 , 131.231 , 0
12.68 , 25.0 , 1.62 , 131.139 , 0
12.77 , 25.0 , 1.62 , 131.139 , 0
12.87 , 25.0 , 1.609 , 131.467 , 0
12.98 , 25.0 , 1.609 , 131.467 , 0
13.08 , 25.0 , 1.603 , 131.349 , 0
13.17 , 25.0 , 1.62 , 131.309 , 0
13.27 , 25.0 , 1.62 , 131.309 , 0
13.38 , 25.0 , 1.592 , 131.178 , 0
13.48 , 25.0 , 1.592 , 131.178 , 0
13.57 , 25.0 , 1.605 , 131.283 , 0
13.67 , 25.0 , 1.605 , 131.283 , 0
13.78 , 25.0 , 1.609 , 131.047 , 0
13.88 , 25.0 , 1.609 , 131.047 , 0
13.97 , 25.0 , 1.605 , 131.205 , 0
14.07 , 25.0 , 1.605 , 131.205 , 0
14.18 , 25.0 , 1.611 , 131.218 , 0
14.28 , 25.0 , 1.611 , 131.218 , 0
14.37 , 25.0 , 1.626 , 131.336 , 0
14.47 , 25.0 , 1.626 , 131.336 , 0
14.58 , 25.0 , 1.613 , 131.165 , 0
14.68 , 25.0 , 1.613 , 131.165 , 0
14.78 , 25.0 , 1.601 , 131.152 , 0
14.87 , 25.0 , 1.601 , 131.152 , 0
14.98 , 25.0 , 1.609 , 131.244 , 0
15.08 , 25.0 , 1.609 , 131.244 , 0
15.18 , 25.0 , 1.594 , 131.218 , 0
15.27 , 25.0 , 1.594 , 131.218 , 0
15.38 , 25.0 , 1.613 , 131.323 , 0
15.48 , 25.0 , 1.607 , 131.218 , 0
15.58 , 25.0 , 1.607 , 131.218 , 0
15.67 , 25.0 , 1.599 , 131.126 , 0
15.78 , 25.0 , 1.599 , 131.126 , 0
15.88 , 25.0 , 1.618 , 131.257 , 0
15.98 , 25.0 , 1.618 , 131.257 , 0
16.07 , 25.0 , 1.601 , 131.296 , 0
16.17 , 25.0 , 1.601 , 131.296 , 0
16.28 , 25.0 , 1.605 , 131.349 , 0
16.38 , 25.0 , 1.605 , 131.349 , 0
16.47 , 25.0 , 1.611 , 131.192 , 0
16.57 , 25.0 , 1.611 , 131.192 , 0
16.68 , 25.0 , 1.611 , 131.231 , 0
16.78 , 25.0 , 1.611 , 131.231 , 0
16.87 , 25.0 , 1.609 , 131.27 , 0
16.97 , 25.0 , 1.609 , 131.27 , 0
17.08 , 25.0 , 1.601 , 131.205 , 0
17.18 , 25.0 , 1.601 , 131.205 , 0
17.27 , 25.0 , 1.611 , 131.323 , 0
17.37 , 25.0 , 1.611 , 131.323 , 0
17.48 , 25.0 , 1.611 , 131.296 , 0
17.58 , 25.0 , 1.611 , 131.296 , 0
17.67 , 25.0 , 1.618 , 131.178 , 0
17.77 , 25.0 , 1.594 , 131.192 , 0
17.88 , 25.0 , 1.594 , 131.192 , 0
17.98 , 25.0 , 1.622 , 131.165 , 0
18.07 , 25.0 , 1.622 , 131.165 , 0
18.17 , 25.0 , 1.622 , 131.231 , 0
18.28 , 25.0 , 1.622 , 131.231 , 0
18.38 , 25.0 , 1.605 , 131.192 , 0
18.47 , 25.0 , 1.605 , 131.192 , 0
18.57 , 25.0 , 1.616 , 131.231 , 0
18.68 , 25.0 , 1.616 , 131.231 , 0
18.78 , 25.0 , 1.611 , 131.244 , 0
18.87 , 25.0 , 1.611 , 131.244 , 0
18.97 , 25.0 , 1.609 , 131.087 , 0
19.08 , 25.0 , 1.609 , 131.087 , 0
19.18 , 25.0 , 1.609 , 131.388 , 0
19.27 , 25.0 , 1.609 , 131.388 , 0
19.37 , 25.0 , 1.603 , 131.205 , 0
19.48 , 25.0 , 1.603 , 131.205 , 0
19.58 , 25.0 , 1.609 , 131.244 , 0
19.68 , 25.0 , 1.609 , 131.244 , 0
19.77 , 25.0 , 1.622 , 131.349 , 0
19.88 , 25.0 , 1.622 , 131.349 , 0
19.98 , 25.0 , 1.596 , 131.139 , 0
20.08 , 25.0 , 1.609 , 131.178 , 0
20.17 , 25.0 , 1.609 , 131.178 , 0
20.28 , 25.0 , 1.616 , 131.257 , 0
20.38 , 25.0 , 1.616 , 131.257 , 0
20.48 , 25.0 , 1.613 , 131.126 , 0
20.57 , 25.0 , 1.613 , 131.126 , 0
20.67 , 25.0 , 1.611 , 131.257 , 0
20.78 , 25.0 , 1.611 , 131.257 , 0
20.88 , 25.0 , 1.603 , 131.244 , 0
20.97 , 25.0 , 1.603 , 131.244 , 0
21.07 , 25.0 , 1.613 , 131.074 , 0
21.18 , 25.0 , 1.613 , 131.074 , 0
21.28 , 25.0 , 1.594 , 131.244 , 0
21.37 , 25.0 , 1.594 , 131.244 , 0
21.47 , 25.0 , 1.62 , 131.192 , 0
21.58 , 25.0 , 1.62 , 131.192 , 0
21.68 , 25.0 , 1.599 , 131.087 , 0
21.77 , 25.0 , 1.599 , 131.087 , 0
21.87 , 25.0 , 1.599 , 131.165 , 0
21.98 , 25.0 , 1.599 , 131.165 , 0
22.08 , 25.0 , 1.605 , 131.152 , 0
22.17 , 25.0 , 1.611 , 131.178 , 0
22.27 , 25.0 , 1.611 , 131.178 , 0
22.38 , 25.0 , 1.607 , 131.283 , 0
22.48 , 25.0 , 1.607 , 131.283 , 0
22.57 , 25.0 , 1.611 , 131.113 , 0
22.67 , 25.0 , 1.611 , 131.113 , 0
22.78 , 25.0 , 1.613 , 131.165 , 0
22.88 , 25.0 , 1.613 , 131.165 , 0
22.97 , 25.0 , 1.607 , 131.244 , 0
23.07 , 25.0 , 1.607 , 131.244 , 0
23.18 , 25.0 , 1.613 , 131.139 , 0
23.28 , 25.0 , 1.613 , 131.139 , 0
23.37 , 25.0 , 1.635 , 131.1 , 0
23.47 , 25.0 , 1.635 , 131.1 , 0
23.58 , 25.0 , 1.607 , 131.178 , 0
23.68 , 25.0 , 1.607 , 131.178 , 0
23.77 , 25.0 , 1.628 , 131.152 , 0
23.87 , 25.0 , 1.628 , 131.152 , 0
23.98 , 25.0 , 1.609 , 131.087 , 0
24.08 , 25.0 , 1.609 , 131.087 , 0
24.18 , 25.0 , 1.611 , 131.178 , 0
24.27 , 25.0 , 1.611 , 131.178 , 0
24.38 , 25.0 , 1.603 , 131.021 , 0
24.48 , 25.0 , 1.616 , 131.113 , 0
24.58 , 25.0 , 1.616 , 131.113 , 0
24.67 , 25.0 , 1.609 , 131.178 , 0
24.78 , 25.0 , 1.609 , 131.178 , 0
24.88 , 25.0 , 1.588 , 131.205 , 0
24.98 , 25.0 , 1.588 , 131.205 , 0
25.07 , 25.0 , 1.607 , 130.969 , 0
25.17 , 25.0 , 1.607 , 130.969 , 0
25.28 , 25.0 , 1.613 , 131.178 , 0
25.38 , 25.0 , 1.613 , 131.178 , 0
25.47 , 25.0 , 1.601 , 131.113 , 0
25.57 , 25.0 , 1.601 , 131.113 , 0
25.68 , 25.0 , 1.596 , 131.087 , 0
25.78 , 25.0 , 1.596 , 131.087 , 0
25.87 , 25.0 , 1.611 , 131.152 , 0
25.97 , 25.0 , 1.611 , 131.152 , 0
26.08 , 25.0 , 1.607 , 131.087 , 0
26.18 , 25.0 , 1.607 , 131.087 , 0
26.27 , 25.0 , 1.594 , 131.178 , 0
26.37 , 25.0 , 1.594 , 131.178 , 0
26.48 , 25.0 , 1.609 , 130.982 , 0
26.58 , 25.0 , 1.609 , 130.982 , 0
26.67 , 25.0 , 1.599 , 130.956 , 0
26.77 , 25.0 , 1.599 , 131.178 , 0
26.88 , 25.0 , 1.599 , 131.178 , 0
26.98 , 25.0 , 1.613 , 130.929 , 0
27.07 , 25.0 , 1.613 , 130.929 , 0
27.17 , 25.0 , 1.622 , 131.087 , 0
27.28 , 25.0 , 1.622 , 131.087 , 0
27.38 , 25.0 , 1.62 , 131.087 , 0
27.47 , 25.0 , 1.62 , 131.087 , 0
27.57 , 25.0 , 1.613 , 131.205 , 0
27.68 , 25.0 , 1.613 , 131.205 , 0
27.78 , 25.0 , 1.605 , 131.074 , 0
27.87 , 25.0 , 1.605 , 131.074 , 0
27.97 , 25.0 , 1.622 , 131.034 , 0
28.08 , 25.0 , 1.622 , 131.034 , 0
28.18 , 25.0 , 1.603 , 131.06 , 0
28.27 , 25.0 , 1.603 , 131.06 , 0
28.37 , 25.0 , 1.611 , 130.982 , 0
28.48 , 25.0 , 1.611 , 130.982 , 0
28.58 , 25.0 , 1.599 , 130.982 , 0
28.67 , 25.0 , 1.599 , 130.982 , 0
28.77 , 25.0 , 1.616 , 131.139 , 0
28.88 , 25.0 , 1.616 , 131.139 , 0
28.98 , 25.0 , 1.594 , 131.1 , 0
29.08 , 25.0 , 1.599 , 131.1 , 0
29.17 , 25.0 , 1.599 , 131.1 , 0
29.28 , 25.0 , 1.596 , 131.087 , 0
29.38 , 25.0 , 1.596 , 131.087 , 0
29.48 , 25.0 , 1.601 , 131.06 , 0
29.57 , 25.0 , 1.601 , 131.06 , 0
29.67 , 25.0 , 1.596 , 130.956 , 0
29.78 , 25.0 , 1.596 , 130.956 , 0
29.88 , 25.0 , 1.599 , 131.152 , 0
29.97 , 25.0 , 1.599 , 131.152 , 0
30.07 , 25.0 , 1.596 , 130.825 , 0
30.18 , 25.0 , 1.596 , 130.825 , 0
30.28 , 25.0 , 1.601 , 130.995 , 0
30.37 , 25.0 , 1.601 , 130.995 , 0
30.47 , 25.0 , 1.603 , 131.231 , 0
30.58 , 25.0 , 1.603 , 131.231 , 0
30.68 , 25.0 , 1.596 , 131.021 , 0
30.77 , 25.0 , 1.596 , 131.021 , 0
30.87 , 25.0 , 1.586 , 131.152 , 0
30.98 , 25.0 , 1.586 , 131.152 , 0
31.08 , 25.0 , 1.607 , 131.06 , 0
31.17 , 25.0 , 1.588 , 131.139 , 0
31.27 , 25.0 , 1.588 , 131.139 , 0
31.38 , 25.0 , 1.592 , 130.969 , 0
31.48 , 25.0 , 1.592 , 130.969 , 0
31.57 , 25.0 , 1.586 , 130.877 , 0
31.67 , 25.0 , 1.586 , 130.877 , 0
31.78 , 25.0 , 1.59 , 130.929 , 0
31.88 , 25.0 , 1.59 , 130.929 , 0
31.97 , 25.0 , 1.594 , 130.969 , 0
32.07 , 25.0 , 1.594 , 130.969 , 0
32.18 , 25.0 , 1.59 , 131.074 , 0
32.28 , 25.0 , 1.59 , 131.074 , 0
32.37 , 25.0 , 1.605 , 130.838 , 0
32.47 , 25.0 , 1.605 , 130.838 , 0
32.58 , 25.0 , 1.581 , 131.047 , 0
32.68 , 25.0 , 1.581 , 131.047 , 0
32.77 , 25.0 , 1.599 , 131.06 , 0
32.87 , 25.0 , 1.599 , 131.06 , 0
32.98 , 25.0 , 1.607 , 131.047 , 0
33.08 , 25.0 , 1.607 , 131.047 , 0
33.17 , 25.0 , 1.607 , 130.903 , 0
33.27 , 25.0 , 1.607 , 130.903 , 0
33.38 , 25.0 , 1.603 , 130.89 , 0
33.48 , 25.0 , 1.582 , 131.008 , 0
33.58 , 25.0 , 1.582 , 131.008 , 0
33.67 , 25.0 , 1.594 , 130.864 , 0
33.78 , 25.0 , 1.594 , 130.864 , 0
33.88 , 25.0 , 1.586 , 130.956 , 0
33.98 , 25.0 , 1.586 , 130.956 , 0
34.07 , 25.0 , 1.599 , 130.877 , 0
34.18 , 25.0 , 1.599 , 130.877 , 0
34.28 , 25.0 , 1.605 , 130.838 , 0
34.38 , 25.0 , 1.605 , 130.838 , 0
34.47 , 25.0 , 1.599 , 130.877 , 0
34.57 , 25.0 , 1.599 , 130.877 , 0
34.68 , 25.0 , 1.613 , 130.798 , 0
34.78 , 25.0 , 1.613 , 130.798 , 0
34.87 , 25.0 , 1.599 , 130.851 , 0
34.97 , 25.0 , 1.599 , 130.851 , 0
35.08 , 25.0 , 1.601 , 130.746 , 0
35.18 , 25.0 , 1.601 , 130.746 , 0
35.27 , 25.0 , 1.605 , 130.877 , 0
35.37 , 25.0 , 1.605 , 130.877 , 0
35.48 , 25.0 , 1.596 , 130.929 , 0
35.58 , 25.0 , 1.596 , 130.929 , 0
35.67 , 25.0 , 1.582 , 130.759 , 0
35.77 , 25.0 , 1.594 , 130.89 , 0
35.88 , 25.0 , 1.594 , 130.89 , 0
35.98 , 25.0 , 1.605 , 130.903 , 0
36.07 , 25.0 , 1.605 , 130.903 , 0
36.17 , 25.0 , 1.59 , 130.772 , 0
36.28 , 25.0 , 1.59 , 130.772 , 0
36.38 , 25.0 , 1.594 , 130.877 , 0
36.47 , 25.0 , 1.594 , 130.877 , 0
36.57 , 25.0 , 1.596 , 130.838 , 0
36.68 , 25.0 , 1.596 , 130.838 , 0
36.78 , 25.0 , 1.588 , 130.694 , 0
36.87 , 25.0 , 1.588 , 130.694 , 0
36.97 , 25.0 , 1.599 , 130.825 , 0
37.08 , 25.0 , 1.599 , 130.825 , 0
37.18 , 25.0 , 1.596 , 130.838 , 0
37.27 , 25.0 , 1.596 , 130.838 , 0
37.37 , 25.0 , 1.603 , 130.811 , 0
37.48 , 25.0 , 1.603 , 130.811 , 0
37.58 , 25.0 , 1.603 , 130.903 , 0
37.67 , 25.0 , 1.603 , 130.903 , 0
37.77 , 25.0 , 1.622 , 130.759 , 0
37.88 , 25.0 , 1.622 , 130.759 , 0
37.98 , 25.0 , 1.599 , 130.877 , 0
38.07 , 25.0 , 1.599 , 130.746 , 0
38.17 , 25.0 , 1.599 , 130.746 , 0
38.28 , 25.0 , 1.579 , 130.641 , 0
38.38 , 25.0 , 1.579 , 130.641 , 0
38.48 , 25.0 , 1.586 , 130.772 , 0
38.57 , 25.0 , 1.586 , 130.772 , 0
38.68 , 25.0 , 1.601 , 130.641 , 0
38.78 , 25.0 , 1.601 , 130.641 , 0
38.88 , 25.0 , 1.582 , 130.72 , 0
38.97 , 25.0 , 1.582 , 130.72 , 0
39.08 , 25.0 , 1.618 , 130.785 , 0
39.18 , 25.0 , 1.618 , 130.785 , 0
39.28 , 25.0 , 1.577 , 130.641 , 0
39.37 , 25.0 , 1.577 , 130.641 , 0
39.48 , 25.0 , 1.594 , 130.694 , 0
39.58 , 25.0 , 1.594 , 130.694 , 0
39.68 , 25.0 , 1.584 , 130.615 , 0
39.77 , 25.0 , 1.584 , 130.615 , 0
39.87 , 25.0 , 1.59 , 130.877 , 0
39.98 , 25.0 , 1.59 , 130.877 , 0
40.08 , 25.0 , 1.579 , 130.628 , 0
40.17 , 25.0 , 1.584 , 130.694 , 0
40.27 , 25.0 , 1.584 , 130.694 , 0
40.38 , 25.0 , 1.59 , 130.628 , 0
40.48 , 25.0 , 1.59 , 130.628 , 0
40.57 , 25.0 , 1.588 , 130.903 , 0
40.67 , 25.0 , 1.588 , 130.903 , 0
40.78 , 25.0 , 1.588 , 130.68 , 0
40.88 , 25.0 , 1.588 , 130.68 , 0
40.97 , 25.0 , 1.584 , 130.641 , 0
41.07 , 25.0 , 1.584 , 130.641 , 0
41.18 , 25.0 , 1.605 , 130.602 , 0
41.28 , 25.0 , 1.605 , 130.602 , 0
41.37 , 25.0 , 1.582 , 130.523 , 0
41.47 , 25.0 , 1.582 , 130.523 , 0
41.58 , 25.0 , 1.596 , 130.615 , 0
41.68 , 25.0 , 1.596 , 130.615 , 0
41.77 , 25.0 , 1.588 , 130.68 , 0
41.87 , 25.0 , 1.588 , 130.68 , 0
41.98 , 25.0 , 1.592 , 130.523 , 0
42.08 , 25.0 , 1.592 , 130.523 , 0
42.17 , 25.0 , 1.607 , 130.733 , 0
42.27 , 25.0 , 1.607 , 130.733 , 0
42.38 , 25.0 , 1.579 , 130.576 , 0
42.48 , 25.0 , 1.601 , 130.667 , 0
42.57 , 25.0 , 1.601 , 130.667 , 0
42.67 , 25.0 , 1.592 , 130.654 , 0
42.78 , 25.0 , 1.592 , 130.654 , 0
42.88 , 25.0 , 1.601 , 130.51 , 0
42.98 , 25.0 , 1.601 , 130.51 , 0
43.07 , 25.0 , 1.603 , 130.471 , 0
43.18 , 25.0 , 1.603 , 130.471 , 0
43.28 , 25.0 , 1.601 , 130.589 , 0
43.38 , 25.0 , 1.601 , 130.589 , 0
43.47 , 25.0 , 1.607 , 130.444 , 0
43.58 , 25.0 , 1.607 , 130.444 , 0
43.68 , 25.0 , 1.579 , 130.707 , 0
43.78 , 25.0 , 1.579 , 130.707 , 0
43.87 , 25.0 , 1.596 , 130.785 , 0
43.98 , 25.0 , 1.596 , 130.785 , 0
44.08 , 25.0 , 1.586 , 130.562 , 0
44.18 , 25.0 , 1.586 , 130.562 , 0
44.27 , 25.0 , 1.582 , 130.536 , 0
44.37 , 25.0 , 1.582 , 130.536 , 0
44.48 , 25.0 , 1.592 , 130.549 , 0
44.58 , 25.0 , 1.592 , 130.549 , 0
44.67 , 25.0 , 1.579 , 130.602 , 0
44.77 , 25.0 , 1.59 , 130.523 , 0
44.88 , 25.0 , 1.59 , 130.523 , 0
44.98 , 25.0 , 1.582 , 130.379 , 0
45.07 , 25.0 , 1.582 , 130.379 , 0
45.17 , 25.0 , 1.601 , 130.641 , 0
45.28 , 25.0 , 1.601 , 130.641 , 0
45.38 , 25.0 , 1.594 , 130.471 , 0
45.47 , 25.0 , 1.594 , 130.471 , 0
45.57 , 25.0 , 1.577 , 130.497 , 0
45.68 , 25.0 , 1.577 , 130.497 , 0
45.78 , 25.0 , 1.586 , 130.497 , 0
45.87 , 25.0 , 1.586 , 130.497 , 0
45.97 , 25.0 , 1.59 , 130.379 , 0
46.08 , 25.0 , 1.59 , 130.379 , 0
46.18 , 25.0 , 1.599 , 130.261 , 0
46.27 , 25.0 , 1.599 , 130.261 , 0
46.37 , 25.0 , 1.59 , 130.484 , 0
46.48 , 25.0 , 1.59 , 130.484 , 0
46.58 , 25.0 , 1.582 , 130.418 , 0
46.67 , 25.0 , 1.582 , 130.418 , 0
46.77 , 25.0 , 1.59 , 130.562 , 0
46.88 , 25.0 , 1.59 , 130.562 , 0
46.98 , 25.0 , 1.584 , 130.497 , 0
47.07 , 25.0 , 1.586 , 130.34 , 0
47.17 , 25.0 , 1.586 , 130.34 , 0
47.28 , 25.0 , 1.596 , 130.261 , 0
47.38 , 25.0 , 1.596 , 130.261 , 0
47.48 , 25.0 , 1.573 , 130.471 , 0
47.57 , 25.0 , 1.573 , 130.471 , 0
47.68 , 25.0 , 1.592 , 130.405 , 0
47.78 , 25.0 , 1.592 , 130.405 , 0
47.88 , 25.0 , 1.596 , 130.549 , 0
47.97 , 25.0 , 1.596 , 130.549 , 0
48.08 , 25.0 , 1.584 , 130.34 , 0
48.18 , 25.0 , 1.584 , 130.34 , 0
48.28 , 25.0 , 1.584 , 130.313 , 0
48.37 , 25.0 , 1.584 , 130.313 , 0
48.47 , 25.0 , 1.59 , 130.431 , 0
48.58 , 25.0 , 1.59 , 130.431 , 0
48.68 , 25.0 , 1.59 , 130.287 , 0
48.77 , 25.0 , 1.59 , 130.287 , 0
48.87 , 25.0 , 1.59 , 130.327 , 0
48.98 , 25.0 , 1.59 , 130.327 , 0
49.08 , 25.0 , 1.601 , 130.327 , 0
49.17 , 25.0 , 1.573 , 130.261 , 0
49.27 , 25.0 , 1.573 , 130.261 , 0
49.38 , 25.0 , 1.584 , 130.34 , 0
49.48 , 25.0 , 1.584 , 130.34 , 0
49.57 , 25.0 , 1.577 , 130.313 , 0
49.67 , 25.0 , 1.577 , 130.313 , 0
49.78 , 25.0 , 1.588 , 130.327 , 0
49.88 , 25.0 , 1.588 , 130.327 , 0
49.97 , 25.0 , 1.586 , 130.405 , 0
50.07 , 25.0 , 1.586 , 130.405 , 0
50.18 , 25.0 , 1.588 , 130.405 , 0
50.28 , 25.0 , 1.588 , 130.405 , 0
50.37 , 25.0 , 1.59 , 130.222 , 0
50.47 , 25.0 , 1.59 , 130.222 , 0
50.58 , 25.0 , 1.584 , 130.497 , 0
50.68 , 25.0 , 1.584 , 130.497 , 0
50.77 , 25.0 , 1.584 , 130.3 , 0
50.87 , 25.0 , 1.584 , 130.3 , 0
50.98 , 25.0 , 1.594 , 130.353 , 0
51.08 , 25.0 , 1.594 , 130.353 , 0
51.17 , 25.0 , 1.609 , 130.444 , 0
51.27 , 25.0 , 1.609 , 130.444 , 0
51.38 , 25.0 , 1.577 , 130.34 , 0
51.48 , 25.0 , 1.586 , 130.13 , 0
51.57 , 25.0 , 1.586 , 130.13 , 0
51.67 , 25.0 , 1.588 , 130.13 , 0
51.78 , 25.0 , 1.588 , 130.13 , 0
51.88 , 25.0 , 1.586 , 130.353 , 0
51.97 , 25.0 , 1.586 , 130.353 , 0
52.07 , 25.0 , 1.584 , 130.274 , 0
52.18 , 25.0 , 1.584 , 130.274 , 0
52.28 , 25.0 , 1.596 , 130.182 , 0
52.38 , 25.0 , 1.596 , 130.182 , 0
52.47 , 25.0 , 1.579 , 130.117 , 0
52.58 , 25.0 , 1.579 , 130.117 , 0
52.68 , 25.0 , 1.577 , 129.999 , 0
52.78 , 25.0 , 1.577 , 129.999 , 0
52.87 , 25.0 , 1.592 , 130.012 , 0
52.98 , 25.0 , 1.592 , 130.012 , 0
53.08 , 25.0 , 1.567 , 130.169 , 0
53.18 , 25.0 , 1.567 , 130.169 , 0
53.27 , 25.0 , 1.586 , 130.182 , 0
53.37 , 25.0 , 1.586 , 130.182 , 0
53.48 , 25.0 , 1.592 , 130.051 , 0
53.58 , 25.0 , 1.592 , 130.051 , 0
53.67 , 25.0 , 1.575 , 130.13 , 0
53.78 , 25.0 , 1.567 , 130.143 , 0
53.88 , 25.0 , 1.567 , 130.143 , 0
53.98 , 25.0 , 1.571 , 130.195 , 0
54.07 , 25.0 , 1.571 , 130.195 , 0
54.17 , 25.0 , 1.579 , 130.209 , 0
54.28 , 25.0 , 1.579 , 130.209 , 0
54.38 , 25.0 , 1.55 , 129.96 , 0
54.47 , 25.0 , 1.55 , 129.96 , 0
54.57 , 25.0 , 1.582 , 130.078 , 0
54.68 , 25.0 , 1.582 , 130.078 , 0
54.78 , 25.0 , 1.586 , 130.13 , 0
54.87 , 25.0 , 1.586 , 130.13 , 0
54.97 , 25.0 , 1.586 , 130.13 , 0
55.08 , 25.0 , 1.586 , 130.13 , 0
55.18 , 25.0 , 1.577 , 130.012 , 0
55.27 , 25.0 , 1.577 , 130.012 , 0
55.37 , 25.0 , 1.584 , 130.078 , 0
55.48 , 25.0 , 1.584 , 130.078 , 0
55.58 , 25.0 , 1.588 , 130.025 , 0
55.67 , 25.0 , 1.588 , 130.025 , 0
55.77 , 25.0 , 1.55 , 130.012 , 0
55.88 , 25.0 , 1.569 , 130.051 , 0
55.98 , 25.0 , 1.569 , 130.051 , 0
56.07 , 25.0 , 1.567 , 130.117 , 0
56.17 , 25.0 , 1.567 , 130.117 , 0
56.28 , 25.0 , 1.545 , 130.104 , 0
56.38 , 25.0 , 1.545 , 130.104 , 0
56.47 , 25.0 , 1.599 , 129.907 , 0
56.57 , 25.0 , 1.599 , 129.907 , 0
56.68 , 25.0 , 1.584 , 130.222 , 0
56.78 , 25.0 , 1.584 , 130.222 , 0
56.88 , 25.0 , 1.592 , 130.117 , 0
56.97 , 25.0 , 1.592 , 130.117 , 0
57.08 , 25.0 , 1.567 , 129.92 , 0
57.18 , 25.0 , 1.567 , 129.92 , 0
57.28 , 25.0 , 1.573 , 130.051 , 0
57.37 , 25.0 , 1.573 , 130.051 , 0
57.48 , 25.0 , 1.565 , 130.038 , 0
57.58 , 25.0 , 1.565 , 130.038 , 0
57.68 , 25.0 , 1.573 , 129.96 , 0
57.77 , 25.0 , 1.573 , 129.96 , 0
57.88 , 25.0 , 1.584 , 129.999 , 0
57.98 , 25.0 , 1.584 , 129.999 , 0
58.08 , 25.0 , 1.569 , 130.038 , 0
58.17 , 25.0 , 1.586 , 129.933 , 0
58.27 , 25.0 , 1.586 , 129.933 , 0
58.38 , 25.0 , 1.562 , 129.92 , 0
58.48 , 25.0 , 1.562 , 129.92 , 0
58.57 , 25.0 , 1.573 , 129.933 , 0
58.67 , 25.0 , 1.573 , 129.933 , 0
58.78 , 25.0 , 1.547 , 129.986 , 0
58.88 , 25.0 , 1.547 , 129.986 , 0
58.97 , 25.0 , 1.571 , 129.933 , 0
59.07 , 25.0 , 1.571 , 129.933 , 0
59.18 , 25.0 , 1.569 , 129.946 , 0
59.28 , 25.0 , 1.569 , 129.946 , 0
59.37 , 25.0 , 1.569 , 129.842 , 0
59.47 , 25.0 , 1.569 , 129.842 , 0
59.58 , 25.0 , 1.586 , 129.855 , 0
59.68 , 25.0 , 1.586 , 129.855 , 0
59.77 , 25.0 , 1.558 , 129.802 , 0
59.87 , 25.0 , 1.558 , 129.802 , 0
59.98 , 25.0 , 1.577 , 129.96 , 0
60.08 , 25.0 , 1.577 , 129.96 , 0
60.17 , 25.0 , 1.565 , 129.842 , 0
60.27 , 25.0 , 1.565 , 129.842 , 0
60.38 , 25.0 , 1.545 , 129.776 , 0
60.48 , 25.0 , 1.582 , 129.711 , 0
60.57 , 25.0 , 1.582 , 129.711 , 0
60.67 , 25.0 , 1.554 , 129.881 , 0
60.78 , 25.0 , 1.554 , 129.881 , 0
60.88 , 25.0 , 1.569 , 129.96 , 0
60.97 , 25.0 , 1.569 , 129.96 , 0
61.07 , 25.0 , 1.569 , 129.75 , 0
61.18 , 25.0 , 1.569 , 129.75 , 0
61.28 , 25.0 , 1.571 , 129.855 , 0
61.38 , 25.0 , 1.571 , 129.855 , 0
61.47 , 25.0 , 1.545 , 129.855 , 0
61.58 , 25.0 , 1.545 , 129.855 , 0
61.68 , 25.0 , 1.554 , 129.75 , 0
61.78 , 25.0 , 1.554 , 129.75 , 0
61.87 , 25.0 , 1.582 , 129.619 , 0
61.98 , 25.0 , 1.582 , 129.619 , 0
62.08 , 25.0 , 1.573 , 129.933 , 0
62.18 , 25.0 , 1.573 , 129.933 , 0
62.27 , 25.0 , 1.573 , 129.75 , 0
62.38 , 25.0 , 1.573 , 129.75 , 0
62.48 , 25.0 , 1.569 , 129.658 , 0
62.58 , 25.0 , 1.569 , 129.658 , 0
62.67 , 25.0 , 1.573 , 129.658 , 0
62.77 , 25.0 , 1.579 , 129.684 , 0
62.88 , 25.0 , 1.579 , 129.684 , 0
62.98 , 25.0 , 1.552 , 129.842 , 0
63.07 , 25.0 , 1.552 , 129.842 , 0
63.17 , 25.0 , 1.577 , 129.619 , 0
63.28 , 25.0 , 1.577 , 129.619 , 0
63.38 , 25.0 , 1.569 , 129.671 , 0
63.47 , 25.0 , 1.569 , 129.671 , 0
63.57 , 25.0 , 1.556 , 129.789 , 0
63.68 , 25.0 , 1.556 , 129.789 , 0
63.78 , 25.0 , 1.547 , 129.711 , 0
63.87 , 25.0 , 1.547 , 129.711 , 0
63.97 , 25.0 , 1.56 , 129.737 , 0
64.08 , 25.0 , 1.56 , 129.737 , 0
64.18 , 25.0 , 1.556 , 129.579 , 0
64.27 , 25.0 , 1.556 , 129.579 , 0
64.37 , 25.0 , 1.56 , 129.606 , 0
64.48 , 25.0 , 1.56 , 129.606 , 0
64.58 , 25.0 , 1.556 , 129.697 , 0
64.67 , 25.0 , 1.556 , 129.697 , 0
64.77 , 25.0 , 1.539 , 129.645 , 0
64.88 , 25.0 , 1.539 , 129.645 , 0
64.98 , 25.0 , 1.562 , 129.409 , 0
65.07 , 25.0 , 1.537 , 129.606 , 0
65.17 , 25.0 , 1.537 , 129.606 , 0
65.28 , 25.0 , 1.558 , 129.671 , 0
65.38 , 25.0 , 1.558 , 129.671 , 0
65.47 , 25.0 , 1.565 , 129.658 , 0
65.57 , 25.0 , 1.565 , 129.658 , 0
65.68 , 25.0 , 1.545 , 129.488 , 0
65.78 , 25.0 , 1.545 , 129.488 , 0
65.88 , 25.0 , 1.56 , 129.606 , 0
65.97 , 25.0 , 1.56 , 129.606 , 0
66.08 , 25.0 , 1.556 , 129.553 , 0
66.18 , 25.0 , 1.556 , 129.553 , 0
66.28 , 25.0 , 1.558 , 129.422 , 0
66.37 , 25.0 , 1.558 , 129.422 , 0
66.47 , 25.0 , 1.571 , 129.514 , 0
66.58 , 25.0 , 1.571 , 129.514 , 0
66.68 , 25.0 , 1.543 , 129.579 , 0
66.77 , 25.0 , 1.543 , 129.579 , 0
66.88 , 25.0 , 1.556 , 129.435 , 0
66.98 , 25.0 , 1.556 , 129.435 , 0
67.08 , 25.0 , 1.556 , 129.593 , 0
67.17 , 25.0 , 1.554 , 129.501 , 0
67.27 , 25.0 , 1.554 , 129.501 , 0
67.38 , 25.0 , 1.55 , 129.579 , 0
67.48 , 25.0 , 1.55 , 129.579 , 0
67.57 , 25.0 , 1.554 , 129.488 , 0
67.67 , 25.0 , 1.554 , 129.488 , 0
67.78 , 25.0 , 1.543 , 129.54 , 0
67.88 , 25.0 , 1.543 , 129.54 , 0
67.97 , 25.0 , 1.554 , 129.448 , 0
68.07 , 25.0 , 1.554 , 129.448 , 0
68.18 , 25.0 , 1.56 , 129.593 , 0
68.28 , 25.0 , 1.56 , 129.593 , 0
68.37 , 25.0 , 1.55 , 129.527 , 0
68.47 , 25.0 , 1.55 , 129.527 , 0
68.58 , 25.0 , 1.56 , 129.658 , 0
68.68 , 25.0 , 1.56 , 129.658 , 0
68.77 , 25.0 , 1.539 , 129.579 , 0
68.87 , 25.0 , 1.539 , 129.579 , 0
68.98 , 25.0 , 1.562 , 129.553 , 0
69.08 , 25.0 , 1.562 , 129.553 , 0
69.17 , 25.0 , 1.558 , 129.553 , 0
69.27 , 25.0 , 1.558 , 129.553 , 0
69.38 , 25.0 , 1.577 , 129.514 , 0
69.48 , 25.0 , 1.552 , 129.448 , 0
69.57 , 25.0 , 1.552 , 129.448 , 0
69.67 , 25.0 , 1.552 , 129.383 , 0
69.78 , 25.0 , 1.552 , 129.383 , 0
69.88 , 25.0 , 1.556 , 129.448 , 0
69.97 , 25.0 , 1.556 , 129.448 , 0
70.07 , 25.0 , 1.565 , 129.435 , 0
70.18 , 25.0 , 1.565 , 129.435 , 0
70.28 , 25.0 , 1.577 , 129.291 , 0
70.37 , 25.0 , 1.577 , 129.291 , 0
70.47 , 25.0 , 1.548 , 129.409 , 0
70.58 , 25.0 , 1.548 , 129.409 , 0
70.68 , 25.0 , 1.539 , 129.527 , 0
70.78 , 25.0 , 1.539 , 129.527 , 0
70.87 , 25.0 , 1.543 , 129.199 , 0
70.98 , 25.0 , 1.543 , 129.199 , 0
71.08 , 25.0 , 1.554 , 129.33 , 0
71.18 , 25.0 , 1.554 , 129.33 , 0
71.27 , 25.0 , 1.56 , 129.435 , 0
71.38 , 25.0 , 1.56 , 129.435 , 0
71.48 , 25.0 , 1.554 , 129.147 , 0
71.58 , 25.0 , 1.554 , 129.147 , 0
71.67 , 25.0 , 1.535 , 129.383 , 0
71.77 , 25.0 , 1.548 , 129.514 , 0
71.88 , 25.0 , 1.548 , 129.514 , 0
71.98 , 25.0 , 1.548 , 129.213 , 0
72.07 , 25.0 , 1.548 , 129.213 , 0
72.17 , 25.0 , 1.554 , 129.435 , 0
72.28 , 25.0 , 1.554 , 129.435 , 0
72.38 , 25.0 , 1.533 , 129.448 , 0
72.47 , 25.0 , 1.533 , 129.448 , 0
72.57 , 25.0 , 1.539 , 129.33 , 0
72.68 , 25.0 , 1.539 , 129.33 , 0
72.78 , 25.0 , 1.545 , 129.278 , 0
72.87 , 25.0 , 1.545 , 129.278 , 0
72.97 , 25.0 , 1.554 , 129.304 , 0
73.08 , 25.0 , 1.554 , 129.304 , 0
73.18 , 25.0 , 1.53 , 129.317 , 0
73.27 , 25.0 , 1.53 , 129.317 , 0
73.37 , 25.0 , 1.535 , 129.291 , 0
73.48 , 25.0 , 1.535 , 129.291 , 0
73.58 , 25.0 , 1.556 , 129.488 , 0
73.67 , 25.0 , 1.556 , 129.488 , 0
73.77 , 25.0 , 1.537 , 129.265 , 0
73.88 , 25.0 , 1.537 , 129.265 , 0
73.98 , 25.0 , 1.548 , 129.357 , 0
74.07 , 25.0 , 1.53 , 129.344 , 0
74.17 , 25.0 , 1.53 , 129.344 , 0
74.28 , 25.0 , 1.537 , 129.16 , 0
74.38 , 25.0 , 1.537 , 129.16 , 0
74.47 , 25.0 , 1.535 , 129.317 , 0
74.57 , 25.0 , 1.535 , 129.317 , 0
74.68 , 25.0 , 1.528 , 129.199 , 0
74.78 , 25.0 , 1.528 , 129.199 , 0
74.87 , 25.0 , 1.552 , 129.173 , 0
74.97 , 25.0 , 1.552 , 129.173 , 0
75.08 , 25.0 , 1.526 , 129.16 , 0
75.18 , 25.0 , 1.526 , 129.16 , 0
75.28 , 25.0 , 1.539 , 129.252 , 0
75.37 , 25.0 , 1.539 , 129.252 , 0
75.48 , 25.0 , 1.533 , 129.186 , 0
75.58 , 25.0 , 1.533 , 129.186 , 0
75.68 , 25.0 , 1.522 , 129.121 , 0
75.77 , 25.0 , 1.522 , 129.121 , 0
75.87 , 25.0 , 1.533 , 129.186 , 0
75.98 , 25.0 , 1.533 , 129.186 , 0
76.08 , 25.0 , 1.565 , 129.33 , 0
76.17 , 25.0 , 1.554 , 129.291 , 0
76.27 , 25.0 , 1.554 , 129.291 , 0
76.38 , 25.0 , 1.55 , 129.16 , 0
76.48 , 25.0 , 1.55 , 129.16 , 0
76.57 , 25.0 , 1.537 , 129.448 , 0
76.67 , 25.0 , 1.537 , 129.448 , 0
76.78 , 25.0 , 1.535 , 129.239 , 0
76.88 , 25.0 , 1.535 , 129.239 , 0
76.97 , 25.0 , 1.558 , 129.029 , 0
77.07 , 25.0 , 1.558 , 129.029 , 0
77.18 , 25.0 , 1.545 , 129.016 , 0
77.28 , 25.0 , 1.545 , 129.016 , 0
77.37 , 25.0 , 1.539 , 128.95 , 0
77.47 , 25.0 , 1.539 , 128.95 , 0
77.58 , 25.0 , 1.52 , 129.226 , 0
77.68 , 25.0 , 1.52 , 129.226 , 0
77.77 , 25.0 , 1.522 , 129.108 , 0
77.87 , 25.0 , 1.522 , 129.108 , 0
77.98 , 25.0 , 1.552 , 129.016 , 0
78.08 , 25.0 , 1.552 , 129.016 , 0
78.17 , 25.0 , 1.55 , 129.16 , 0
78.27 , 25.0 , 1.55 , 129.16 , 0
78.38 , 25.0 , 1.528 , 129.252 , 0
78.48 , 25.0 , 1.55 , 129.003 , 0
78.57 , 25.0 , 1.55 , 129.003 , 0
78.67 , 25.0 , 1.552 , 128.977 , 0
78.78 , 25.0 , 1.552 , 128.977 , 0
78.88 , 25.0 , 1.545 , 129.147 , 0
78.97 , 25.0 , 1.545 , 129.147 , 0
79.07 , 25.0 , 1.552 , 129.134 , 0
79.18 , 25.0 , 1.552 , 129.134 , 0
79.28 , 25.0 , 1.554 , 129.029 , 0
79.37 , 25.0 , 1.554 , 129.029 , 0
79.47 , 25.0 , 1.543 , 128.964 , 0
79.58 , 25.0 , 1.543 , 128.964 , 0
79.68 , 25.0 , 1.537 , 129.029 , 0
79.77 , 25.0 , 1.537 , 129.029 , 0
79.87 , 25.0 , 1.541 , 129.055 , 0
79.98 , 25.0 , 1.541 , 129.055 , 0
80.08 , 25.0 , 1.554 , 128.977 , 0
80.18 , 25.0 , 1.554 , 128.977 , 0
80.27 , 25.0 , 1.543 , 128.924 , 0
80.37 , 25.0 , 1.543 , 128.924 , 0
80.48 , 25.0 , 1.53 , 128.99 , 0
80.58 , 25.0 , 1.53 , 128.99 , 0
80.67 , 25.0 , 1.55 , 128.859 , 0
80.77 , 25.0 , 1.55 , 128.937 , 0
80.88 , 25.0 , 1.55 , 128.937 , 0
80.98 , 25.0 , 1.554 , 128.924 , 0
81.07 , 25.0 , 1.554 , 128.924 , 0
81.17 , 25.0 , 1.548 , 129.173 , 0
81.28 , 25.0 , 1.548 , 129.173 , 0
81.38 , 25.0 , 1.545 , 128.937 , 0
81.47 , 25.0 , 1.545 , 128.937 , 0
81.57 , 25.0 , 1.539 , 129.108 , 0
81.68 , 25.0 , 1.539 , 129.108 , 0
81.78 , 25.0 , 1.537 , 128.728 , 0
81.87 , 25.0 , 1.537 , 128.728 , 0
81.97 , 25.0 , 1.539 , 128.911 , 0
82.08 , 25.0 , 1.539 , 128.911 , 0
82.18 , 25.0 , 1.548 , 128.964 , 0
82.27 , 25.0 , 1.548 , 128.964 , 0
82.37 , 25.0 , 1.552 , 128.728 , 0
82.48 , 25.0 , 1.552 , 128.728 , 0
82.58 , 25.0 , 1.552 , 128.885 , 0
82.67 , 25.0 , 1.552 , 128.885 , 0
82.77 , 25.0 , 1.548 , 128.885 , 0
82.88 , 25.0 , 1.548 , 128.885 , 0
82.98 , 25.0 , 1.537 , 128.924 , 0
83.09 , 25.0 , 1.537 , 128.924 , 0
83.17 , 25.0 , 1.548 , 128.924 , 0
83.28 , 25.0 , 1.539 , 128.846 , 0
83.38 , 25.0 , 1.539 , 128.846 , 0
83.47 , 25.0 , 1.522 , 128.741 , 0
83.57 , 25.0 , 1.522 , 128.741 , 0
83.68 , 25.0 , 1.545 , 128.977 , 0
83.78 , 25.0 , 1.545 , 128.977 , 0
83.87 , 25.0 , 1.535 , 128.701 , 0
83.97 , 25.0 , 1.535 , 128.701 , 0
84.08 , 25.0 , 1.524 , 128.95 , 0
84.18 , 25.0 , 1.524 , 128.95 , 0
84.27 , 25.0 , 1.541 , 128.688 , 0
84.37 , 25.0 , 1.541 , 128.688 , 0
84.48 , 25.0 , 1.533 , 128.78 , 0
84.58 , 25.0 , 1.533 , 128.78 , 0
84.68 , 25.0 , 1.535 , 128.675 , 0
84.77 , 25.0 , 1.535 , 128.675 , 0
84.88 , 25.0 , 1.543 , 128.885 , 0
84.98 , 25.0 , 1.543 , 128.885 , 0
85.08 , 25.0 , 1.522 , 128.885 , 0
85.17 , 25.0 , 1.528 , 128.754 , 0
85.28 , 25.0 , 1.528 , 128.754 , 0
85.38 , 25.0 , 1.518 , 128.898 , 0
85.48 , 25.0 , 1.518 , 128.898 , 0
85.57 , 25.0 , 1.531 , 128.832 , 0
85.67 , 25.0 , 1.531 , 128.832 , 0
85.78 , 25.0 , 1.541 , 128.819 , 0
85.88 , 25.0 , 1.541 , 128.819 , 0
85.97 , 25.0 , 1.552 , 128.662 , 0
86.07 , 25.0 , 1.552 , 128.662 , 0
86.18 , 25.0 , 1.509 , 128.597 , 0
86.28 , 25.0 , 1.509 , 128.597 , 0
86.37 , 25.0 , 1.545 , 128.57 , 0
86.47 , 25.0 , 1.545 , 128.57 , 0
86.58 , 25.0 , 1.545 , 128.806 , 0
86.68 , 25.0 , 1.545 , 128.806 , 0
86.77 , 25.0 , 1.533 , 128.675 , 0
86.87 , 25.0 , 1.533 , 128.675 , 0
86.98 , 25.0 , 1.518 , 128.885 , 0
87.08 , 25.0 , 1.518 , 128.885 , 0
87.17 , 25.0 , 1.537 , 128.701 , 0
87.27 , 25.0 , 1.537 , 128.701 , 0
87.38 , 25.0 , 1.541 , 128.754 , 0
87.48 , 25.0 , 1.535 , 128.531 , 0
87.57 , 25.0 , 1.535 , 128.531 , 0
87.67 , 25.0 , 1.528 , 128.505 , 0
87.78 , 25.0 , 1.528 , 128.505 , 0
87.88 , 25.0 , 1.533 , 128.583 , 0
87.97 , 25.0 , 1.533 , 128.583 , 0
88.07 , 25.0 , 1.543 , 128.439 , 0
88.18 , 25.0 , 1.543 , 128.439 , 0
88.28 , 25.0 , 1.537 , 128.505 , 0
88.37 , 25.0 , 1.537 , 128.505 , 0
88.47 , 25.0 , 1.516 , 128.492 , 0
88.58 , 25.0 , 1.516 , 128.492 , 0
88.68 , 25.0 , 1.516 , 128.636 , 0
88.77 , 25.0 , 1.516 , 128.636 , 0
88.87 , 25.0 , 1.528 , 128.61 , 0
88.98 , 25.0 , 1.528 , 128.61 , 0
89.08 , 25.0 , 1.522 , 128.544 , 0
89.18 , 25.0 , 1.522 , 128.544 , 0
89.27 , 25.0 , 1.518 , 128.439 , 0
89.38 , 25.0 , 1.518 , 128.439 , 0
89.48 , 25.0 , 1.516 , 128.531 , 0
89.58 , 25.0 , 1.516 , 128.531 , 0
89.67 , 25.0 , 1.518 , 128.505 , 0
89.77 , 25.0 , 1.531 , 128.544 , 0
89.88 , 25.0 , 1.531 , 128.544 , 0
89.98 , 25.0 , 1.531 , 128.623 , 0
90.07 , 25.0 , 1.531 , 128.623 , 0
90.17 , 25.0 , 1.531 , 128.439 , 0
90.28 , 25.0 , 1.531 , 128.439 , 0
90.38 , 25.0 , 1.552 , 128.505 , 0
90.47 , 25.0 , 1.552 , 128.505 , 0
90.57 , 25.0 , 1.541 , 128.426 , 0
90.68 , 25.0 , 1.541 , 128.426 , 0
90.78 , 25.0 , 1.533 , 128.361 , 0
90.87 , 25.0 , 1.533 , 128.361 , 0
90.97 , 25.0 , 1.524 , 128.452 , 0
91.08 , 25.0 , 1.524 , 128.452 , 0
91.18 , 25.0 , 1.518 , 128.479 , 0
91.27 , 25.0 , 1.518 , 128.479 , 0
91.37 , 25.0 , 1.513 , 128.374 , 0
91.48 , 25.0 , 1.513 , 128.374 , 0
91.58 , 25.0 , 1.531 , 128.518 , 0
91.67 , 25.0 , 1.531 , 128.518 , 0
91.77 , 25.0 , 1.526 , 128.583 , 0
91.88 , 25.0 , 1.526 , 128.583 , 0
91.98 , 25.0 , 1.535 , 128.518 , 0
92.07 , 25.0 , 1.533 , 128.374 , 0
92.17 , 25.0 , 1.533 , 128.374 , 0
92.28 , 25.0 , 1.528 , 128.282 , 0
92.38 , 25.0 , 1.528 , 128.282 , 0
92.47 , 25.0 , 1.503 , 128.4 , 0
92.57 , 25.0 , 1.503 , 128.4 , 0
92.68 , 25.0 , 1.513 , 128.4 , 0
92.78 , 25.0 , 1.513 , 128.4 , 0
92.87 , 25.0 , 1.503 , 128.23 , 0
92.97 , 25.0 , 1.503 , 128.23 , 0
93.08 , 25.0 , 1.533 , 128.256 , 0
93.18 , 25.0 , 1.533 , 128.256 , 0
93.27 , 25.0 , 1.545 , 128.4 , 0
93.37 , 25.0 , 1.545 , 128.4 , 0
93.48 , 25.0 , 1.52 , 128.426 , 0
93.58 , 25.0 , 1.52 , 128.426 , 0
93.68 , 25.0 , 1.511 , 128.413 , 0
93.77 , 25.0 , 1.511 , 128.413 , 0
93.88 , 25.0 , 1.52 , 128.243 , 0
93.98 , 25.0 , 1.52 , 128.243 , 0
94.08 , 25.0 , 1.52 , 128.374 , 0
94.17 , 25.0 , 1.52 , 128.374 , 0
94.27 , 25.0 , 1.496 , 128.256 , 0
94.38 , 25.0 , 1.543 , 128.216 , 0
94.48 , 25.0 , 1.543 , 128.216 , 0
94.57 , 25.0 , 1.511 , 128.295 , 0
94.67 , 25.0 , 1.511 , 128.295 , 0
94.78 , 25.0 , 1.516 , 128.334 , 0
94.88 , 25.0 , 1.516 , 128.334 , 0
94.97 , 25.0 , 1.518 , 128.334 , 0
95.07 , 25.0 , 1.518 , 128.334 , 0
95.18 , 25.0 , 1.533 , 128.177 , 0
95.28 , 25.0 , 1.533 , 128.177 , 0
95.37 , 25.0 , 1.505 , 128.361 , 0
95.47 , 25.0 , 1.505 , 128.361 , 0
95.58 , 25.0 , 1.524 , 128.413 , 0
95.68 , 25.0 , 1.524 , 128.413 , 0
95.77 , 25.0 , 1.52 , 128.361 , 0
95.87 , 25.0 , 1.52 , 128.361 , 0
95.98 , 25.0 , 1.52 , 128.4 , 0
96.08 , 25.0 , 1.52 , 128.4 , 0
96.17 , 25.0 , 1.543 , 128.177 , 0
96.27 , 25.0 , 1.543 , 128.177 , 0
96.38 , 25.0 , 1.503 , 128.243 , 0
96.48 , 25.0 , 1.524 , 128.413 , 0
96.57 , 25.0 , 1.524 , 128.413 , 0
96.67 , 25.0 , 1.511 , 128.203 , 0
96.78 , 25.0 , 1.511 , 128.203 , 0
96.88 , 25.0 , 1.524 , 128.256 , 0
96.97 , 25.0 , 1.524 , 128.256 , 0
97.07 , 25.0 , 1.526 , 128.138 , 0
97.18 , 25.0 , 1.526 , 128.138 , 0
97.28 , 25.0 , 1.499 , 128.282 , 0
97.37 , 25.0 , 1.499 , 128.282 , 0
97.47 , 25.0 , 1.509 , 128.177 , 0
97.58 , 25.0 , 1.509 , 128.177 , 0
97.68 , 25.0 , 1.507 , 128.334 , 0
97.77 , 25.0 , 1.507 , 128.334 , 0
97.87 , 25.0 , 1.505 , 128.243 , 0
97.98 , 25.0 , 1.505 , 128.243 , 0
98.08 , 25.0 , 1.494 , 127.902 , 0
98.18 , 25.0 , 1.494 , 127.902 , 0
98.27 , 25.0 , 1.533 , 128.138 , 0
98.38 , 25.0 , 1.533 , 128.138 , 0
98.48 , 25.0 , 1.509 , 128.23 , 0
98.58 , 25.0 , 1.509 , 128.23 , 0
98.67 , 25.0 , 1.543 , 128.203 , 0
98.77 , 25.0 , 1.492 , 128.216 , 0
98.88 , 25.0 , 1.492 , 128.216 , 0
98.98 , 25.0 , 1.501 , 128.059 , 0
99.07 , 25.0 , 1.501 , 128.059 , 0
99.18 , 25.0 , 1.494 , 128.308 , 0
99.28 , 25.0 , 1.494 , 128.308 , 0
99.38 , 25.0 , 1.509 , 128.19 , 0
99.47 , 25.0 , 1.509 , 128.19 , 0
99.57 , 25.0 , 1.509 , 128.112 , 0
99.68 , 25.0 , 1.509 , 128.112 , 0
99.78 , 25.0 , 1.511 , 128.046 , 0
99.87 , 25.0 , 1.511 , 128.046 , 0
99.97 , 25.0 , 1.513 , 128.138 , 0
100.08 , 25.0 , 1.513 , 128.138 , 0
100.18 , 25.0 , 1.501 , 128.23 , 0
100.27 , 25.0 , 1.501 , 128.23 , 0
100.37 , 25.0 , 1.511 , 128.059 , 0
100.48 , 25.0 , 1.511 , 128.059 , 0
100.58 , 25.0 , 1.524 , 128.216 , 0
100.67 , 25.0 , 1.524 , 128.216 , 0
100.77 , 25.0 , 1.516 , 127.981 , 0
100.88 , 25.0 , 1.516 , 127.981 , 0
100.98 , 25.0 , 1.509 , 127.732 , 0
101.07 , 25.0 , 1.516 , 128.072 , 0
101.17 , 25.0 , 1.516 , 128.072 , 0
101.28 , 25.0 , 1.514 , 128.02 , 0
101.38 , 25.0 , 1.514 , 128.02 , 0
101.47 , 25.0 , 1.526 , 128.072 , 0
101.57 , 25.0 , 1.526 , 128.072 , 0
101.68 , 25.0 , 1.522 , 127.994 , 0
101.78 , 25.0 , 1.522 , 127.994 , 0
101.87 , 25.0 , 1.518 , 128.033 , 0
101.97 , 25.0 , 1.518 , 128.033 , 0
102.08 , 25.0 , 1.516 , 128.02 , 0
102.18 , 25.0 , 1.516 , 128.02 , 0
102.27 , 25.0 , 1.496 , 127.902 , 0
102.37 , 25.0 , 1.496 , 127.902 , 0
102.48 , 25.0 , 1.501 , 127.954 , 0
102.58 , 25.0 , 1.501 , 127.954 , 0
102.68 , 25.0 , 1.501 , 128.046 , 0
102.77 , 25.0 , 1.501 , 128.046 , 0
102.88 , 25.0 , 1.511 , 127.863 , 0
102.98 , 25.0 , 1.511 , 127.863 , 0
103.08 , 25.0 , 1.503 , 128.046 , 0
103.17 , 25.0 , 1.511 , 127.876 , 0
103.27 , 25.0 , 1.511 , 127.876 , 0
103.38 , 25.0 , 1.507 , 128.02 , 0
103.48 , 25.0 , 1.507 , 128.02 , 0
103.57 , 25.0 , 1.501 , 127.797 , 0
103.67 , 25.0 , 1.501 , 127.797 , 0
103.78 , 25.0 , 1.499 , 127.994 , 0
103.88 , 25.0 , 1.499 , 127.994 , 0
103.97 , 25.0 , 1.503 , 127.692 , 0
104.07 , 25.0 , 1.503 , 127.692 , 0
104.18 , 25.0 , 1.505 , 127.836 , 0
104.28 , 25.0 , 1.505 , 127.836 , 0
104.37 , 25.0 , 1.503 , 128.072 , 0
104.47 , 25.0 , 1.503 , 128.072 , 0
104.58 , 25.0 , 1.49 , 127.823 , 0
104.68 , 25.0 , 1.49 , 127.823 , 0
104.77 , 25.0 , 1.505 , 127.889 , 0
104.87 , 25.0 , 1.505 , 127.889 , 0
104.98 , 25.0 , 1.514 , 127.849 , 0
105.08 , 25.0 , 1.514 , 127.849 , 0
105.17 , 25.0 , 1.505 , 127.81 , 0
105.27 , 25.0 , 1.505 , 127.81 , 0
105.38 , 25.0 , 1.494 , 127.705 , 0
105.48 , 25.0 , 1.496 , 127.692 , 0
105.57 , 25.0 , 1.496 , 127.692 , 0
105.67 , 25.0 , 1.516 , 127.889 , 0
105.78 , 25.0 , 1.516 , 127.889 , 0
105.88 , 25.0 , 1.496 , 128.033 , 0
105.97 , 25.0 , 1.496 , 128.033 , 0
106.07 , 25.0 , 1.503 , 127.863 , 0
106.18 , 25.0 , 1.503 , 127.863 , 0
106.28 , 25.0 , 1.507 , 127.849 , 0
106.37 , 25.0 , 1.507 , 127.849 , 0
106.47 , 25.0 , 1.509 , 127.863 , 0
106.58 , 25.0 , 1.509 , 127.863 , 0
106.68 , 25.0 , 1.499 , 127.732 , 0
106.77 , 25.0 , 1.499 , 127.732 , 0
106.87 , 25.0 , 1.509 , 127.823 , 0
106.98 , 25.0 , 1.509 , 127.823 , 0
107.08 , 25.0 , 1.486 , 127.797 , 0
107.17 , 25.0 , 1.486 , 127.797 , 0
107.27 , 25.0 , 1.507 , 127.758 , 0
107.38 , 25.0 , 1.507 , 127.758 , 0
107.5 , 25.0 , 1.49 , 127.745 , 0
107.58 , 25.0 , 1.49 , 127.745 , 0
107.67 , 25.0 , 1.516 , 127.6 , 0
107.77 , 25.0 , 1.518 , 127.666 , 0
107.88 , 25.0 , 1.518 , 127.666 , 0
107.98 , 25.0 , 1.501 , 127.889 , 0
108.07 , 25.0 , 1.501 , 127.889 , 0
108.18 , 25.0 , 1.473 , 127.876 , 0
108.28 , 25.0 , 1.473 , 127.876 , 0
108.38 , 25.0 , 1.511 , 127.784 , 0
108.47 , 25.0 , 1.511 , 127.784 , 0
108.57 , 25.0 , 1.494 , 127.614 , 0
108.68 , 25.0 , 1.494 , 127.614 , 0
108.78 , 25.0 , 1.501 , 127.469 , 0
108.87 , 25.0 , 1.501 , 127.469 , 0
108.97 , 25.0 , 1.514 , 127.64 , 0
109.08 , 25.0 , 1.514 , 127.64 , 0
109.18 , 25.0 , 1.488 , 127.587 , 0
109.27 , 25.0 , 1.488 , 127.587 , 0
109.37 , 25.0 , 1.49 , 127.64 , 0
109.48 , 25.0 , 1.49 , 127.64 , 0
109.58 , 25.0 , 1.509 , 127.614 , 0
109.67 , 25.0 , 1.509 , 127.614 , 0
109.77 , 25.0 , 1.507 , 127.417 , 0
109.88 , 25.0 , 1.507 , 127.417 , 0
109.98 , 25.0 , 1.501 , 127.614 , 0
110.07 , 25.0 , 1.505 , 127.587 , 0
110.17 , 25.0 , 1.505 , 127.587 , 0
110.28 , 25.0 , 1.516 , 127.456 , 0
110.38 , 25.0 , 1.516 , 127.456 , 0
110.47 , 25.0 , 1.514 , 127.535 , 0
110.57 , 25.0 , 1.514 , 127.535 , 0
110.68 , 25.0 , 1.501 , 127.745 , 0
110.78 , 25.0 , 1.501 , 127.745 , 0
110.87 , 25.0 , 1.518 , 127.378 , 0
110.97 , 25.0 , 1.518 , 127.378 , 0
111.08 , 25.0 , 1.531 , 127.469 , 0
111.18 , 25.0 , 1.531 , 127.469 , 0
111.27 , 25.0 , 1.516 , 127.522 , 0
111.37 , 25.0 , 1.516 , 127.522 , 0
111.48 , 25.0 , 1.511 , 127.561 , 0
111.58 , 25.0 , 1.511 , 127.561 , 0
111.68 , 25.0 , 1.524 , 127.587 , 0
111.77 , 25.0 , 1.524 , 127.587 , 0
111.88 , 25.0 , 1.511 , 127.299 , 0
111.98 , 25.0 , 1.511 , 127.299 , 0
112.08 , 25.0 , 1.499 , 127.561 , 0
