0.06 , 3.227 , 0.017 , -2.818 , 0
0.16 , 3.283 , -0.004 , -2.975 , 0
0.27 , 3.338 , -0.004 , -2.975 , 0
0.36 , 3.394 , 0.0 , -3.132 , 0
0.46 , 3.449 , 0.021 , -2.844 , 0
0.56 , 3.505 , 0.011 , -3.159 , 0
0.67 , 3.56 , 0.011 , -3.159 , 0
0.76 , 3.616 , 0.0 , -3.001 , 0
0.86 , 3.672 , 0.006 , -2.857 , 0
0.96 , 3.727 , 0.006 , -2.857 , 0
1.07 , 3.783 , 0.015 , -2.962 , 0
1.16 , 3.838 , -0.002 , -2.91 , 0
1.26 , 3.894 , -0.002 , -2.91 , 0
1.36 , 3.95 , 0.015 , -2.949 , 0
1.47 , 4.005 , 0.011 , -2.962 , 0
1.56 , 4.06 , 0.019 , -3.106 , 0
1.66 , 4.116 , 0.019 , -3.106 , 0
1.75 , 4.171 , -0.004 , -2.936 , 0
1.87 , 4.227 , 0.006 , -3.145 , 0
1.96 , 4.283 , 0.006 , -3.145 , 0
2.06 , 4.338 , 0.0 , -3.001 , 0
2.15 , 4.394 , 0.019 , -3.159 , 0
2.27 , 4.449 , 0.013 , -3.093 , 0
2.36 , 4.505 , 0.013 , -3.093 , 0
2.46 , 4.56 , 0.004 , -3.145 , 0
2.55 , 4.616 , 0.0 , -3.145 , 0
2.67 , 4.671 , 0.0 , -3.145 , 0
2.76 , 4.727 , 0.002 , -3.172 , 0
2.86 , 4.783 , 0.011 , -3.145 , 0
2.95 , 4.838 , 0.011 , -3.145 , 0
3.07 , 4.894 , 0.015 , -3.237 , 0
3.16 , 4.95 , 0.009 , -3.093 , 0
3.26 , 5.005 , 0.021 , -3.132 , 0
3.37 , 5.06 , 0.021 , -3.132 , 0
3.47 , 5.116 , 0.017 , -3.25 , 0
3.56 , 5.171 , 0.004 , -3.263 , 0
3.66 , 5.227 , 0.004 , -3.263 , 0
3.77 , 5.283 , 0.011 , -3.263 , 0
3.86 , 5.338 , 0.013 , -3.159 , 0
3.96 , 5.394 , 0.021 , -3.211 , 0
4.06 , 5.449 , 0.021 , -3.211 , 0
4.17 , 5.505 , 0.004 , -3.381 , 0
4.26 , 5.56 , 0.009 , -3.224 , 0
4.36 , 5.616 , 0.009 , -3.224 , 0
4.46 , 5.671 , 0.006 , -3.355 , 0
4.57 , 5.727 , 0.017 , -3.263 , 0
4.66 , 5.783 , 0.017 , -3.263 , 0
4.76 , 5.838 , 0.009 , -3.368 , 0
4.86 , 5.894 , 0.004 , -3.447 , 0
4.97 , 5.949 , 0.0 , -3.355 , 0
5.06 , 6.005 , 0.0 , -3.355 , 0
5.16 , 6.06 , 0.009 , -3.381 , 0
5.26 , 6.116 , 0.002 , -3.473 , 0
5.37 , 6.172 , 0.002 , -3.473 , 0
5.46 , 6.227 , 0.019 , -3.394 , 0
5.56 , 6.283 , 0.013 , -3.434 , 0
5.66 , 6.338 , 0.015 , -3.29 , 0
5.77 , 6.394 , 0.015 , -3.29 , 0
5.86 , 6.449 , 0.013 , -3.526 , 0
5.96 , 6.505 , 0.004 , -3.447 , 0
6.05 , 6.56 , 0.004 , -3.447 , 0
6.17 , 6.616 , 0.015 , -3.447 , 0
6.26 , 6.672 , 0.004 , -3.434 , 0
6.36 , 6.727 , 0.004 , -3.434 , 0
6.45 , 6.782 , -0.002 , -3.499 , 0
6.57 , 6.838 , 0.015 , -3.421 , 0
6.66 , 6.894 , 0.009 , -3.408 , 0
6.76 , 6.949 , 0.009 , -3.408 , 0
6.85 , 7.005 , 0.017 , -3.29 , 0
6.97 , 7.06 , 0.015 , -3.381 , 0
7.06 , 7.116 , 0.015 , -3.381 , 0
7.16 , 7.171 , 0.011 , -3.316 , 0
7.25 , 7.227 , 0.015 , -3.263 , 0
7.37 , 7.282 , 0.002 , -3.355 , 0
7.46 , 7.338 , 0.002 , -3.355 , 0
7.56 , 7.394 , 0.019 , -3.355 , 0
7.67 , 7.449 , 0.006 , -3.368 , 0
7.76 , 7.505 , 0.006 , -3.368 , 0
7.86 , 7.56 , 0.004 , -3.46 , 0
7.96 , 7.616 , 0.004 , -3.329 , 0
8.07 , 7.671 , 0.004 , -3.316 , 0
8.16 , 7.727 , 0.004 , -3.316 , 0
8.26 , 7.783 , 0.011 , -3.368 , 0
8.36 , 7.838 , 0.004 , -3.29 , 0
8.47 , 7.894 , 0.004 , -3.29 , 0
8.56 , 7.949 , 0.009 , -3.093 , 0
8.66 , 8.005 , 0.006 , -3.224 , 0
8.76 , 8.06 , 0.006 , -3.224 , 0
8.87 , 8.116 , 0.017 , -3.277 , 0
8.96 , 8.172 , 0.006 , -3.329 , 0
9.06 , 8.227 , 0.011 , -3.185 , 0
9.16 , 8.283 , 0.011 , -3.185 , 0
9.27 , 8.338 , 0.006 , -3.263 , 0
9.36 , 8.394 , 0.015 , -3.277 , 0
9.46 , 8.45 , 0.015 , -3.277 , 0
9.56 , 8.505 , 0.009 , -2.87 , 0
9.67 , 8.561 , 0.006 , -3.159 , 0
9.76 , 8.616 , 0.009 , -2.962 , 0
9.86 , 8.671 , 0.009 , -2.962 , 0
9.95 , 8.727 , 0.006 , -2.988 , 0
10.07 , 8.782 , 0.004 , -2.923 , 0
10.16 , 8.838 , 0.004 , -2.923 , 0
10.26 , 8.894 , 0.015 , -3.093 , 0
10.35 , 8.949 , 0.013 , -2.975 , 0
10.47 , 9.005 , 0.013 , -2.975 , 0
10.56 , 9.06 , 0.015 , -3.001 , 0
10.66 , 9.116 , 0.009 , -3.001 , 0
10.75 , 9.171 , 0.019 , -2.883 , 0
10.87 , 9.227 , 0.019 , -2.883 , 0
10.96 , 9.283 , 0.009 , -2.857 , 0
11.06 , 9.338 , -0.002 , -2.674 , 0
11.15 , 9.393 , -0.002 , -2.674 , 0
11.27 , 9.449 , 0.009 , -2.818 , 0
11.36 , 9.505 , 0.009 , -2.687 , 0
11.46 , 9.56 , 0.013 , -2.765 , 0
11.55 , 9.616 , 0.013 , -2.765 , 0
11.67 , 9.671 , 0.009 , -2.438 , 0
11.76 , 9.727 , 0.011 , -2.621 , 0
11.86 , 9.782 , 0.011 , -2.621 , 0
11.97 , 9.838 , 0.013 , -2.556 , 0
12.06 , 9.894 , 0.004 , -2.425 , 0
12.16 , 9.949 , -0.0 , -2.516 , 0
12.26 , 10.0 , -0.0 , -2.516 , 0
12.37 , 10.0 , 0.011 , -2.372 , 0
12.46 , 10.0 , 0.006 , -2.674 , 0
12.56 , 10.0 , 0.006 , -2.674 , 0
12.66 , 10.0 , 0.004 , -2.346 , 0
12.77 , 10.0 , 0.011 , -2.569 , 0
12.86 , 10.0 , 0.011 , -2.569 , 0
12.96 , 10.0 , -0.002 , -2.582 , 0
13.06 , 10.0 , 0.013 , -2.647 , 0
13.17 , 10.0 , 0.015 , -2.516 , 0
13.26 , 10.0 , 0.015 , -2.516 , 0
13.36 , 10.0 , 0.019 , -2.674 , 0
13.46 , 10.0 , 0.017 , -2.608 , 0
13.57 , 10.0 , 0.017 , -2.608 , 0
13.66 , 10.0 , -0.006 , -2.529 , 0
13.76 , 10.0 , 0.013 , -2.503 , 0
13.86 , 10.0 , 0.009 , -2.634 , 0
13.97 , 10.0 , 0.009 , -2.634 , 0
14.06 , 10.0 , 0.013 , -2.569 , 0
14.16 , 10.0 , 0.009 , -2.582 , 0
14.25 , 10.0 , 0.009 , -2.582 , 0
14.37 , 10.0 , 0.004 , -2.621 , 0
14.46 , 10.0 , 0.015 , -2.608 , 0
14.56 , 10.0 , 0.015 , -2.608 , 0
14.65 , 10.0 , 0.011 , -2.752 , 0
14.77 , 10.0 , 0.004 , -2.713 , 0
14.86 , 10.0 , 0.002 , -2.425 , 0
14.96 , 10.0 , 0.002 , -2.425 , 0
15.05 , 10.0 , 0.006 , -2.661 , 0
15.17 , 10.0 , 0.006 , -2.582 , 0
15.26 , 10.0 , 0.006 , -2.582 , 0
15.36 , 10.0 , 0.004 , -2.7 , 0
15.45 , 10.0 , 0.002 , -2.726 , 0
15.57 , 10.0 , 0.015 , -2.556 , 0
15.66 , 10.0 , 0.015 , -2.556 , 0
15.76 , 10.0 , 0.009 , -2.844 , 0
15.87 , 10.0 , 0.021 , -2.621 , 0
15.97 , 10.0 , 0.021 , -2.621 , 0
16.06 , 10.0 , 0.006 , -2.923 , 0
16.16 , 10.0 , 0.017 , -2.7 , 0
16.27 , 10.0 , 0.017 , -2.7 , 0
16.36 , 10.0 , 0.013 , -2.634 , 0
16.46 , 10.0 , 0.006 , -2.857 , 0
16.56 , 10.0 , 0.013 , -2.661 , 0
16.67 , 10.0 , 0.013 , -2.661 , 0
16.76 , 10.0 , 0.009 , -2.883 , 0
16.86 , 10.0 , 0.015 , -2.739 , 0
16.96 , 10.0 , 0.015 , -2.739 , 0
17.07 , 10.0 , 0.013 , -2.595 , 0
17.16 , 10.0 , 0.019 , -2.792 , 0
17.26 , 10.0 , 0.009 , -2.792 , 0
17.36 , 10.0 , 0.009 , -2.792 , 0
17.47 , 10.0 , 0.011 , -2.87 , 0
17.56 , 10.0 , 0.009 , -2.805 , 0
17.66 , 10.0 , 0.009 , -2.805 , 0
17.76 , 10.0 , 0.017 , -2.7 , 0
17.87 , 10.0 , 0.009 , -2.883 , 0
17.96 , 10.0 , 0.015 , -2.713 , 0
18.06 , 10.0 , 0.015 , -2.713 , 0
18.16 , 10.0 , 0.026 , -2.674 , 0
18.27 , 10.0 , 0.015 , -2.713 , 0
18.36 , 10.0 , 0.015 , -2.713 , 0
18.46 , 10.0 , 0.009 , -2.831 , 0
18.55 , 10.0 , 0.004 , -2.765 , 0
18.67 , 10.0 , 0.004 , -2.765 , 0
18.76 , 10.0 , 0.019 , -2.792 , 0
18.86 , 10.0 , 0.021 , -2.923 , 0
18.95 , 10.0 , 0.006 , -2.621 , 0
19.07 , 10.0 , 0.006 , -2.621 , 0
19.16 , 10.0 , 0.015 , -2.687 , 0
19.26 , 10.0 , 0.006 , -2.818 , 0
19.35 , 10.0 , 0.006 , -2.818 , 0
19.47 , 10.0 , 0.013 , -2.883 , 0
19.56 , 10.0 , 0.004 , -2.778 , 0
19.66 , 10.0 , 0.028 , -2.818 , 0
19.75 , 10.0 , 0.028 , -2.818 , 0
19.87 , 10.0 , 0.004 , -2.765 , 0
19.96 , 10.0 , 0.011 , -2.857 , 0
20.06 , 10.0 , 0.011 , -2.857 , 0
20.17 , 10.0 , 0.006 , -2.674 , 0
20.27 , 10.0 , -0.009 , -2.831 , 0
20.36 , 10.0 , -0.009 , -2.831 , 0
20.46 , 10.0 , 0.004 , -2.778 , 0
20.57 , 10.0 , 0.002 , -2.765 , 0
20.66 , 10.0 , 0.002 , -2.765 , 0
20.76 , 10.0 , 0.002 , -2.765 , 0
20.86 , 10.0 , 0.009 , -2.713 , 0
20.97 , 10.0 , 0.032 , -2.726 , 0
21.06 , 10.0 , 0.032 , -2.726 , 0
21.16 , 10.0 , 0.013 , -2.857 , 0
21.26 , 10.0 , 0.011 , -2.621 , 0
21.37 , 10.0 , 0.011 , -2.923 , 0
21.46 , 10.0 , 0.011 , -2.923 , 0
21.56 , 10.0 , 0.002 , -3.027 , 0
21.66 , 10.0 , 0.004 , -2.857 , 0
21.77 , 10.0 , 0.004 , -2.857 , 0
21.86 , 10.0 , 0.013 , -2.713 , 0
21.96 , 10.0 , 0.019 , -2.818 , 0
22.06 , 10.0 , 0.019 , -2.818 , 0
22.17 , 10.0 , 0.002 , -2.726 , 0
22.26 , 10.0 , 0.013 , -2.687 , 0
22.36 , 10.0 , 0.009 , -2.726 , 0
22.46 , 10.0 , 0.009 , -2.726 , 0
22.57 , 10.0 , 0.006 , -2.778 , 0
22.66 , 10.0 , 0.006 , -2.805 , 0
22.76 , 10.0 , 0.006 , -2.805 , 0
22.85 , 10.0 , 0.013 , -2.896 , 0
22.97 , 10.0 , 0.011 , -2.792 , 0
23.06 , 10.0 , 0.0 , -2.674 , 0
23.16 , 10.0 , 0.0 , -2.674 , 0
23.25 , 10.0 , 0.006 , -2.936 , 0
23.37 , 10.0 , 0.015 , -2.765 , 0
23.46 , 10.0 , 0.015 , -2.765 , 0
23.56 , 10.0 , 0.011 , -2.726 , 0
23.65 , 10.0 , 0.002 , -2.739 , 0
23.77 , 10.0 , 0.019 , -2.661 , 0
23.86 , 10.0 , 0.019 , -2.661 , 0
23.96 , 10.0 , 0.011 , -2.713 , 0
24.05 , 10.0 , 0.013 , -2.975 , 0
24.17 , 10.0 , 0.013 , -2.975 , 0
24.26 , 10.0 , 0.004 , -2.831 , 0
24.36 , 10.0 , 0.009 , -2.883 , 0
24.47 , 10.0 , 0.009 , -2.883 , 0
24.57 , 10.0 , 0.011 , -2.896 , 0
24.66 , 10.0 , 0.004 , -2.778 , 0
24.76 , 10.0 , 0.011 , -2.949 , 0
24.87 , 10.0 , 0.011 , -2.949 , 0
25.52 , 10.0 , 0.011 , -2.752 , 0
25.62 , 10.0 , 0.013 , -2.87 , 0
25.73 , 10.0 , 0.013 , -2.87 , 0
25.83 , 10.0 , -0.006 , -2.896 , 0
25.94 , 10.0 , 0.013 , -2.896 , 0
26.05 , 10.0 , 0.009 , -2.896 , 0
26.15 , 10.0 , 0.009 , -2.896 , 0
26.26 , 10.0 , 0.015 , -2.857 , 0
26.36 , 10.0 , 0.015 , -2.923 , 0
26.47 , 10.0 , 0.009 , -2.739 , 0
26.56 , 10.0 , 0.009 , -2.739 , 0
26.66 , 10.0 , 0.009 , -2.962 , 0
26.76 , 10.0 , 0.011 , -2.765 , 0
26.87 , 10.0 , 0.011 , -2.765 , 0
26.96 , 10.0 , 0.009 , -2.91 , 0
27.06 , 10.0 , 0.006 , -2.91 , 0
27.15 , 10.0 , 0.004 , -2.739 , 0
27.27 , 10.0 , 0.004 , -2.739 , 0
27.36 , 10.0 , 0.011 , -2.805 , 0
27.46 , 10.0 , 0.009 , -2.896 , 0
27.55 , 10.0 , 0.009 , -2.896 , 0
27.67 , 10.0 , 0.006 , -2.923 , 0
27.76 , 10.0 , 0.009 , -2.923 , 0
27.86 , 10.0 , 0.004 , -2.739 , 0
27.95 , 10.0 , 0.004 , -2.739 , 0
28.07 , 10.0 , 0.011 , -2.739 , 0
28.16 , 10.0 , 0.017 , -2.87 , 0
28.26 , 10.0 , 0.017 , -2.87 , 0
28.35 , 10.0 , 0.011 , -2.805 , 0
28.47 , 10.0 , -0.002 , -2.883 , 0
28.56 , 10.0 , -0.002 , -2.883 , 0
28.66 , 10.0 , 0.015 , -2.883 , 0
28.77 , 10.0 , 0.015 , -3.041 , 0
28.87 , 10.0 , 0.015 , -2.778 , 0
28.96 , 10.0 , 0.015 , -2.778 , 0
29.06 , 10.0 , 0.013 , -2.765 , 0
29.17 , 10.0 , 0.011 , -2.726 , 0
29.26 , 10.0 , 0.011 , -2.726 , 0
29.36 , 10.0 , 0.019 , -2.7 , 0
29.46 , 10.0 , 0.021 , -2.818 , 0
29.57 , 10.0 , 0.017 , -2.765 , 0
29.66 , 10.0 , 0.017 , -2.765 , 0
29.76 , 10.0 , 0.0 , -2.792 , 0
29.86 , 10.0 , 0.019 , -2.831 , 0
29.97 , 10.0 , 0.019 , -2.831 , 0
30.06 , 10.0 , 0.009 , -2.936 , 0
30.16 , 10.0 , 0.002 , -2.923 , 0
30.26 , 10.0 , 0.002 , -2.923 , 0
30.37 , 10.0 , -0.002 , -2.726 , 0
30.46 , 10.0 , 0.015 , -2.674 , 0
30.56 , 10.0 , 0.004 , -2.975 , 0
30.66 , 10.0 , 0.004 , -2.975 , 0
30.77 , 10.0 , 0.011 , -2.713 , 0
30.86 , 10.0 , 0.004 , -2.975 , 0
30.96 , 10.0 , 0.004 , -2.975 , 0
31.06 , 10.0 , 0.011 , -2.923 , 0
31.17 , 10.0 , 0.011 , -2.792 , 0
31.26 , 10.0 , 0.017 , -2.792 , 0
31.36 , 10.0 , 0.017 , -2.792 , 0
31.45 , 10.0 , 0.011 , -2.739 , 0
31.57 , 10.0 , 0.009 , -2.923 , 0
31.66 , 10.0 , 0.009 , -2.923 , 0
31.76 , 10.0 , 0.009 , -2.962 , 0
31.85 , 10.0 , 0.015 , -2.778 , 0
31.97 , 10.0 , 0.015 , -2.778 , 0
32.06 , 10.0 , 0.013 , -2.805 , 0
32.16 , 10.0 , 0.006 , -2.91 , 0
32.25 , 10.0 , 0.015 , -2.831 , 0
32.37 , 10.0 , 0.015 , -2.831 , 0
32.46 , 10.0 , 0.017 , -2.962 , 0
32.56 , 10.0 , 0.015 , -2.805 , 0
32.65 , 10.0 , 0.015 , -2.805 , 0
32.77 , 10.0 , 0.011 , -2.883 , 0
32.86 , 10.0 , 0.006 , -3.067 , 0
32.96 , 10.0 , 0.011 , -2.87 , 0
33.05 , 10.0 , 0.011 , -2.87 , 0
33.17 , 10.0 , 0.013 , -2.831 , 0
33.26 , 10.0 , 0.013 , -2.936 , 0
33.36 , 10.0 , 0.013 , -2.936 , 0
33.47 , 10.0 , 0.011 , -2.778 , 0
33.56 , 10.0 , 0.006 , -2.805 , 0
33.66 , 10.0 , 0.009 , -2.818 , 0
33.76 , 10.0 , 0.009 , -2.818 , 0
33.87 , 10.0 , 0.011 , -2.844 , 0
33.96 , 10.0 , 0.006 , -2.831 , 0
34.06 , 10.0 , 0.006 , -2.831 , 0
34.16 , 10.0 , 0.015 , -2.752 , 0
34.27 , 10.0 , 0.006 , -2.792 , 0
34.36 , 10.0 , 0.006 , -2.792 , 0
34.46 , 10.0 , 0.006 , -2.883 , 0
34.56 , 10.0 , 0.004 , -2.896 , 0
34.67 , 10.0 , 0.009 , -2.896 , 0
34.76 , 10.0 , 0.009 , -2.896 , 0
34.86 , 10.0 , 0.009 , -2.923 , 0
34.96 , 10.0 , 0.017 , -2.936 , 0
35.59 , 10.0 , 0.002 , -2.91 , 0
35.69 , 10.0 , 0.019 , -2.805 , 0
35.79 , 10.0 , 0.015 , -2.778 , 0
35.88 , 10.0 , 0.015 , -2.778 , 0
35.98 , 10.0 , 0.004 , -2.844 , 0
36.07 , 10.0 , 0.009 , -2.818 , 0
36.17 , 10.0 , 0.009 , -2.818 , 0
36.27 , 10.0 , 0.015 , -2.778 , 0
36.36 , 10.0 , 0.006 , -2.792 , 0
36.46 , 10.0 , 0.006 , -2.792 , 0
36.55 , 10.0 , 0.011 , -2.831 , 0
36.67 , 10.0 , 0.009 , -2.857 , 0
36.76 , 10.0 , 0.009 , -2.857 , 0
36.86 , 10.0 , 0.013 , -2.949 , 0
36.95 , 10.0 , 0.004 , -2.896 , 0
37.07 , 10.0 , 0.011 , -2.896 , 0
37.16 , 10.0 , 0.011 , -2.896 , 0
37.26 , 10.0 , 0.015 , -3.001 , 0
37.35 , 10.0 , 0.023 , -2.831 , 0
37.47 , 10.0 , 0.023 , -2.831 , 0
37.56 , 10.0 , 0.006 , -2.739 , 0
37.66 , 10.0 , 0.015 , -2.896 , 0
37.77 , 10.0 , 0.015 , -2.896 , 0
37.87 , 10.0 , 0.011 , -2.765 , 0
37.96 , 10.0 , 0.013 , -2.962 , 0
38.06 , 10.0 , 0.006 , -2.87 , 0
38.17 , 10.0 , 0.006 , -2.87 , 0
38.26 , 10.0 , 0.015 , -2.818 , 0
38.36 , 10.0 , 0.009 , -2.896 , 0
38.46 , 10.0 , 0.009 , -2.896 , 0
38.57 , 10.0 , 0.006 , -2.752 , 0
38.66 , 10.0 , 0.006 , -2.831 , 0
38.76 , 10.0 , -0.002 , -2.844 , 0
38.86 , 10.0 , -0.002 , -2.844 , 0
38.97 , 10.0 , 0.009 , -2.87 , 0
39.06 , 10.0 , 0.011 , -2.896 , 0
39.16 , 10.0 , 0.011 , -2.896 , 0
39.26 , 10.0 , 0.009 , -3.041 , 0
39.37 , 10.0 , 0.013 , -2.844 , 0
39.46 , 10.0 , 0.004 , -2.687 , 0
39.56 , 10.0 , 0.004 , -2.687 , 0
39.66 , 10.0 , 0.015 , -2.883 , 0
39.77 , 10.0 , 0.017 , -2.752 , 0
39.86 , 10.0 , 0.017 , -2.752 , 0
39.96 , 10.0 , -0.006 , -2.818 , 0
40.05 , 10.0 , 0.015 , -2.883 , 0
40.17 , 10.0 , 0.015 , -2.883 , 0
40.26 , 10.0 , 0.015 , -2.857 , 0
40.36 , 10.0 , 0.015 , -2.962 , 0
40.45 , 10.0 , 0.013 , -2.896 , 0
40.57 , 10.0 , 0.013 , -2.896 , 0
40.66 , 10.0 , 0.019 , -2.831 , 0
40.76 , 10.0 , 0.015 , -2.923 , 0
40.85 , 10.0 , 0.015 , -2.923 , 0
40.97 , 10.0 , 0.013 , -2.674 , 0
41.06 , 10.0 , 0.006 , -3.041 , 0
41.16 , 10.0 , 0.013 , -2.988 , 0
41.27 , 10.0 , 0.013 , -2.988 , 0
41.37 , 10.0 , 0.006 , -2.896 , 0
41.46 , 10.0 , 0.006 , -2.792 , 0
41.56 , 10.0 , 0.006 , -2.792 , 0
41.65 , 10.0 , 0.019 , -2.857 , 0
41.77 , 10.0 , 0.013 , -3.001 , 0
41.86 , 10.0 , 0.013 , -3.001 , 0
41.96 , 10.0 , 0.019 , -2.87 , 0
42.07 , 10.0 , 0.002 , -2.936 , 0
42.16 , 10.0 , 0.017 , -2.896 , 0
42.26 , 10.0 , 0.017 , -2.896 , 0
42.36 , 10.0 , 0.013 , -2.975 , 0
42.47 , 10.0 , 0.009 , -2.844 , 0
42.56 , 10.0 , 0.009 , -2.844 , 0
42.66 , 10.0 , 0.011 , -2.752 , 0
42.76 , 10.0 , 0.019 , -2.792 , 0
42.87 , 10.0 , 0.002 , -2.936 , 0
42.96 , 10.0 , 0.002 , -2.936 , 0
43.06 , 10.0 , 0.006 , -2.949 , 0
43.16 , 10.0 , 0.011 , -2.805 , 0
43.27 , 10.0 , 0.011 , -2.805 , 0
43.36 , 10.0 , 0.011 , -3.722 , 0
43.46 , 10.0 , 0.011 , -1.415 , 0
43.56 , 10.0 , 0.011 , -1.415 , 0
43.67 , 10.0 , 0.004 , -1.193 , 0
43.76 , 10.0 , 0.009 , -2.988 , 0
43.86 , 10.0 , 0.004 , -1.533 , 0
43.96 , 10.0 , 0.004 , -1.533 , 0
44.07 , 10.0 , 0.006 , -0.813 , 0
44.16 , 10.0 , 0.011 , -2.123 , 0
44.26 , 10.0 , 0.011 , -2.123 , 0
44.35 , 10.0 , 0.008 , -1.284 , 0
44.47 , 10.0 , 0.004 , -1.402 , 0
44.56 , 10.0 , 0.004 , -1.678 , 0
44.66 , 10.0 , 0.004 , -1.678 , 0
44.75 , 10.0 , 0.013 , -1.284 , 0
44.87 , 10.0 , 0.013 , -1.533 , 0
44.96 , 10.0 , 0.013 , -1.533 , 0
45.06 , 10.0 , 0.004 , -0.931 , 0
45.15 , 10.0 , 0.009 , -3.237 , 0
45.27 , 10.0 , 0.021 , -7.588 , 0
45.36 , 10.0 , 0.021 , -7.588 , 0
45.46 , 10.0 , 0.011 , -9.227 , 0
45.55 , 10.0 , 0.013 , -4.705 , 0
45.67 , 10.0 , 0.013 , -4.705 , 0
45.76 , 10.0 , 0.006 , -8.244 , 0
45.86 , 10.0 , 0.011 , -7.169 , 0
45.97 , 10.0 , 0.011 , -7.169 , 0
46.07 , 10.0 , 0.004 , -6.763 , 0
46.16 , 10.0 , 0.011 , -7.51 , 0
46.26 , 10.0 , 0.004 , -6.92 , 0
46.37 , 10.0 , 0.004 , -6.92 , 0
46.46 , 10.0 , 0.002 , -7.051 , 0
46.56 , 10.0 , 0.015 , -7.706 , 0
46.66 , 10.0 , 0.015 , -7.706 , 0
46.77 , 10.0 , 0.006 , -6.841 , 0
46.86 , 10.0 , 0.017 , -7.497 , 0
46.96 , 10.0 , 0.006 , -7.47 , 0
47.06 , 10.0 , 0.006 , -7.47 , 0
47.17 , 10.0 , 0.017 , 13.473 , 0
47.26 , 10.0 , 0.019 , 15.334 , 0
47.36 , 10.0 , 0.019 , 15.334 , 0
47.46 , 10.0 , 0.013 , 7.877 , 0
47.57 , 10.0 , 0.013 , 8.204 , 0
47.66 , 10.0 , 0.013 , 8.204 , 0
47.76 , 10.0 , 0.015 , 8.1 , 0
47.86 , 10.0 , 0.01 , 9.279 , 0
47.97 , 10.0 , 0.01 , 7.759 , 0
48.06 , 10.0 , 0.01 , 7.759 , 0
48.16 , 10.0 , 0.019 , 8.126 , 0
48.26 , 10.0 , 0.013 , 8.558 , 0
48.37 , 10.0 , 0.013 , 8.558 , 0
48.46 , 10.0 , 0.004 , 8.807 , 0
48.56 , 10.0 , 0.01 , 8.611 , 0
48.65 , 10.0 , 0.008 , 8.86 , 0
48.77 , 10.0 , 0.008 , 8.86 , 0
48.86 , 10.0 , 0.006 , 8.781 , 0
48.96 , 10.0 , 0.013 , 8.44 , 0
49.05 , 10.0 , 0.013 , 8.44 , 0
49.17 , 10.0 , -0.002 , 8.702 , 0
49.26 , 10.0 , 0.01 , 8.663 , 0
49.36 , 10.0 , 0.01 , 8.663 , 0
49.47 , 10.0 , 0.019 , 8.558 , 0
49.57 , 10.0 , 0.008 , 8.414 , 0
49.66 , 10.0 , 0.013 , 8.611 , 0
49.76 , 10.0 , 0.013 , 8.611 , 0
49.87 , 10.0 , 0.017 , 8.689 , 0
49.97 , 10.0 , 0.025 , 8.598 , 0
50.06 , 10.0 , 0.025 , 8.598 , 0
50.16 , 10.0 , 0.008 , 8.584 , 0
50.27 , 10.0 , 0.006 , 8.571 , 0
50.37 , 10.0 , 0.015 , 8.558 , 0
50.46 , 10.0 , 0.015 , 8.558 , 0
50.56 , 10.0 , 0.013 , 8.545 , 0
50.67 , 10.0 , 0.013 , 8.506 , 0
50.76 , 10.0 , 0.013 , 8.506 , 0
50.86 , 10.0 , 0.006 , 8.676 , 0
50.96 , 10.0 , 0.006 , 8.742 , 0
51.07 , 10.0 , 0.004 , 8.689 , 0
51.16 , 10.0 , 0.004 , 8.689 , 0
51.26 , 10.0 , 0.015 , 8.676 , 0
51.36 , 10.0 , 0.01 , 8.532 , 0
51.47 , 10.0 , 0.01 , 8.532 , 0
51.56 , 10.0 , -0.002 , 8.493 , 0
51.66 , 10.0 , 0.019 , 8.532 , 0
51.76 , 10.0 , 0.019 , 8.532 , 0
51.87 , 10.0 , 0.023 , 8.467 , 0
51.96 , 10.0 , 0.013 , 8.375 , 0
52.06 , 10.0 , 0.017 , 8.689 , 0
52.16 , 10.0 , 0.017 , 8.689 , 0
52.27 , 10.0 , 0.027 , 8.48 , 0
52.36 , 10.0 , 0.019 , 8.558 , 0
52.46 , 10.0 , 0.019 , 8.558 , 0
52.56 , 10.0 , 0.004 , 8.873 , 0
52.67 , 10.0 , 0.01 , 8.584 , 0
52.76 , 10.0 , 0.01 , 8.584 , 0
52.86 , 10.0 , 0.01 , 8.532 , 0
52.95 , 10.0 , 0.01 , 8.598 , 0
53.07 , 10.0 , 0.015 , 8.676 , 0
53.16 , 10.0 , 0.015 , 8.676 , 0
53.26 , 10.0 , 0.015 , 8.637 , 0
53.35 , 10.0 , 0.017 , 8.598 , 0
53.47 , 10.0 , 0.017 , 8.598 , 0
53.56 , 10.0 , 0.008 , 8.571 , 0
53.66 , 10.0 , 0.01 , 8.506 , 0
53.75 , 10.0 , 0.017 , 8.506 , 0
53.87 , 10.0 , 0.017 , 8.506 , 0
53.96 , 10.0 , 0.002 , 8.624 , 0
54.06 , 10.0 , 0.01 , 8.362 , 0
54.17 , 10.0 , 0.01 , 8.362 , 0
54.27 , 10.0 , 0.004 , 8.506 , 0
54.36 , 10.0 , 0.019 , 8.217 , 0
54.46 , 10.0 , 0.002 , 8.467 , 0
54.57 , 10.0 , 0.002 , 8.467 , 0
54.67 , 10.0 , 0.004 , 8.401 , 0
54.76 , 10.0 , 0.01 , 8.519 , 0
54.86 , 10.0 , 0.01 , 8.519 , 0
54.95 , 10.0 , 0.015 , 8.584 , 0
55.06 , 10.0 , 0.019 , 8.493 , 0
55.16 , 10.0 , 0.008 , 8.493 , 0
55.26 , 10.0 , 0.008 , 8.493 , 0
55.37 , 10.0 , 0.004 , 8.44 , 0
55.46 , 10.0 , 0.017 , 8.571 , 0
55.56 , 10.0 , 0.017 , 8.571 , 0
55.66 , 10.0 , -0.0 , 8.571 , 0
55.77 , 10.0 , 0.004 , 8.493 , 0
55.86 , 10.0 , 0.004 , 8.493 , 0
55.96 , 10.0 , 0.013 , 8.637 , 0
56.62 , 10.0 , -0.004 , 8.349 , 0
56.71 , 10.0 , -0.004 , 8.349 , 0
56.81 , 10.0 , 0.013 , 8.598 , 0
56.89 , 10.0 , -0.0 , 8.847 , 0
56.98 , 10.0 , -0.0 , 8.847 , 0
57.08 , 10.0 , 0.002 , 9.253 , 0
57.17 , 10.0 , -0.004 , 9.371 , 0
57.27 , 10.0 , -0.004 , 9.371 , 0
57.37 , 10.0 , 0.013 , 9.856 , 0
57.46 , 10.0 , 0.006 , 9.777 , 0
57.56 , 10.0 , 0.006 , 9.777 , 0
57.65 , 10.0 , 0.008 , 10.17 , 0
57.77 , 10.0 , 0.017 , 10.38 , 0
57.86 , 10.0 , 0.013 , 10.563 , 0
57.96 , 10.0 , 0.013 , 10.563 , 0
58.07 , 10.0 , 0.006 , 10.629 , 0
58.17 , 10.0 , 0.013 , 10.786 , 0
58.26 , 10.0 , 0.013 , 10.786 , 0
58.36 , 10.0 , 0.01 , 10.799 , 0
58.47 , 10.0 , 0.013 , 11.573 , 0
58.57 , 10.0 , 0.006 , 11.756 , 0
58.66 , 10.0 , 0.006 , 11.756 , 0
58.76 , 10.0 , 0.015 , 11.979 , 0
58.85 , 10.0 , 0.017 , 12.28 , 0
58.97 , 10.0 , 0.017 , 12.28 , 0
59.06 , 10.0 , 0.006 , 12.49 , 0
59.16 , 10.0 , -0.002 , 13.316 , 0
59.27 , 10.0 , -0.002 , 13.316 , 0
59.36 , 10.0 , 0.004 , 13.447 , 0
59.46 , 10.0 , 0.012 , 13.499 , 0
59.56 , 10.0 , 0.015 , 13.801 , 0
59.67 , 10.0 , 0.015 , 13.801 , 0
59.76 , 10.0 , -0.002 , 14.194 , 0
59.86 , 10.0 , 0.004 , 14.443 , 0
59.96 , 10.0 , 0.004 , 14.443 , 0
60.07 , 10.0 , 0.012 , 14.875 , 0
60.16 , 10.0 , 0.006 , 14.862 , 0
60.26 , 10.0 , 0.008 , 15.334 , 0
60.36 , 10.0 , 0.008 , 15.334 , 0
60.47 , 10.0 , 0.008 , 15.793 , 0
60.56 , 10.0 , 0.015 , 16.291 , 0
60.66 , 10.0 , 0.015 , 16.291 , 0
60.76 , 10.0 , 0.019 , 16.645 , 0
60.87 , 10.0 , 0.006 , 17.012 , 0
60.96 , 10.0 , 0.004 , 17.077 , 0
61.06 , 10.0 , 0.004 , 17.077 , 0
61.16 , 10.0 , 0.015 , 17.536 , 0
61.27 , 10.0 , 0.006 , 18.231 , 0
61.36 , 10.0 , 0.006 , 18.231 , 0
61.46 , 10.0 , 0.008 , 18.571 , 0
61.55 , 10.0 , 0.015 , 18.794 , 0
61.67 , 10.0 , 0.015 , 18.794 , 0
61.76 , 10.0 , 0.008 , 19.161 , 0
61.86 , 10.0 , 0.019 , 19.646 , 0
61.95 , 10.0 , 0.012 , 20.039 , 0
62.07 , 10.0 , 0.012 , 20.039 , 0
62.16 , 10.0 , 0.006 , 20.393 , 0
62.26 , 10.0 , 0.006 , 20.721 , 0
62.35 , 10.0 , 0.006 , 20.721 , 0
62.47 , 10.0 , 0.006 , 21.048 , 0
62.56 , 10.0 , 0.008 , 21.546 , 0
62.66 , 10.0 , 0.004 , 21.756 , 0
62.77 , 10.0 , 0.004 , 21.756 , 0
62.87 , 10.0 , 0.008 , 22.385 , 0
62.96 , 10.0 , 0.021 , 22.49 , 0
63.06 , 10.0 , 0.021 , 22.49 , 0
63.17 , 10.0 , 0.025 , 22.896 , 0
63.27 , 10.0 , 0.004 , 23.054 , 0
63.36 , 10.0 , 0.004 , 23.054 , 0
63.46 , 10.0 , 0.008 , 23.617 , 0
63.57 , 10.0 , 0.006 , 23.722 , 0
63.66 , 10.0 , 0.021 , 24.22 , 0
63.76 , 10.0 , 0.021 , 24.22 , 0
63.86 , 10.0 , 0.012 , 24.574 , 0
63.97 , 10.0 , 0.014 , 24.718 , 0
64.06 , 10.0 , 0.014 , 24.718 , 0
64.16 , 10.0 , 0.012 , 25.255 , 0
64.26 , 10.0 , 0.017 , 25.347 , 0
64.37 , 10.0 , 0.008 , 25.649 , 0
64.46 , 10.0 , 0.008 , 25.649 , 0
64.56 , 10.0 , 0.017 , 26.173 , 0
64.66 , 10.0 , 0.002 , 26.54 , 0
64.77 , 10.0 , 0.002 , 26.54 , 0
64.86 , 10.0 , 0.006 , 26.776 , 0
64.96 , 10.0 , 0.012 , 27.143 , 0
65.06 , 10.0 , 0.004 , 27.457 , 0
65.17 , 10.0 , 0.004 , 27.457 , 0
65.26 , 10.0 , 0.01 , 27.693 , 0
65.36 , 10.0 , 0.002 , 28.152 , 0
65.46 , 10.0 , 0.002 , 28.152 , 0
65.57 , 10.0 , 0.016 , 28.414 , 0
65.66 , 10.0 , 0.004 , 28.807 , 0
65.76 , 10.0 , 0.004 , 28.807 , 0
65.85 , 10.0 , 0.008 , 29.082 , 0
65.97 , 10.0 , 0.014 , 29.567 , 0
66.06 , 10.0 , 0.008 , 29.947 , 0
66.16 , 10.0 , 0.008 , 29.947 , 0
66.25 , 10.0 , 0.012 , 30.026 , 0
66.37 , 10.0 , 0.006 , 30.511 , 0
66.46 , 10.0 , 0.006 , 30.511 , 0
66.56 , 10.0 , 0.002 , 30.773 , 0
66.65 , 10.0 , 0.002 , 31.061 , 0
66.77 , 10.0 , 0.021 , 31.638 , 0
66.86 , 10.0 , 0.021 , 31.638 , 0
66.96 , 10.0 , 0.014 , 31.848 , 0
67.07 , 10.0 , 0.014 , 32.215 , 0
67.17 , 10.0 , 0.014 , 32.215 , 0
67.26 , 10.0 , 0.002 , 32.726 , 0
67.36 , 10.0 , 0.021 , 33.014 , 0
67.45 , 10.0 , 0.021 , 33.014 , 0
67.57 , 10.0 , 0.01 , 33.368 , 0
67.66 , 10.0 , 0.019 , 33.512 , 0
67.76 , 10.0 , 0.01 , 33.971 , 0
67.87 , 10.0 , 0.01 , 33.971 , 0
67.96 , 10.0 , 0.016 , 34.22 , 0
68.06 , 10.0 , 0.006 , 34.587 , 0
68.16 , 10.0 , 0.006 , 34.587 , 0
68.27 , 10.0 , -0.003 , 35.072 , 0
68.36 , 10.0 , 0.012 , 35.504 , 0
68.46 , 10.0 , 0.014 , 35.57 , 0
68.56 , 10.0 , 0.014 , 35.57 , 0
68.67 , 10.0 , 0.006 , 36.146 , 0
68.76 , 10.0 , -0.001 , 36.422 , 0
68.86 , 10.0 , -0.001 , 36.422 , 0
68.96 , 10.0 , 0.006 , 36.854 , 0
69.07 , 10.0 , 0.012 , 37.051 , 0
69.16 , 10.0 , 0.012 , 37.051 , 0
69.26 , 10.0 , 0.001 , 37.378 , 0
69.36 , 10.0 , 0.004 , 37.641 , 0
69.47 , 10.0 , 0.016 , 38.322 , 0
69.56 , 10.0 , 0.016 , 38.322 , 0
69.66 , 10.0 , 0.01 , 38.571 , 0
69.76 , 10.0 , 0.014 , 38.794 , 0
69.87 , 10.0 , 0.014 , 38.794 , 0
69.96 , 10.0 , 0.001 , 39.148 , 0
70.06 , 10.0 , 0.006 , 39.436 , 0
70.15 , 10.0 , 0.008 , 39.777 , 0
70.27 , 10.0 , 0.008 , 39.777 , 0
70.36 , 10.0 , 0.008 , 40.288 , 0
70.46 , 10.0 , -0.005 , 40.524 , 0
70.55 , 10.0 , -0.005 , 40.524 , 0
70.67 , 10.0 , 0.008 , 40.707 , 0
70.76 , 10.0 , 0.01 , 41.166 , 0
70.86 , 10.0 , 0.012 , 41.572 , 0
70.95 , 10.0 , 0.012 , 41.572 , 0
71.07 , 10.0 , 0.01 , 42.07 , 0
71.16 , 10.0 , 0.01 , 42.228 , 0
71.26 , 10.0 , 0.01 , 42.228 , 0
71.37 , 10.0 , 0.01 , 42.87 , 0
71.47 , 10.0 , 0.006 , 43.184 , 0
71.56 , 10.0 , 0.006 , 43.184 , 0
71.66 , 10.0 , 0.006 , 43.447 , 0
71.77 , 10.0 , 0.008 , 43.879 , 0
71.86 , 10.0 , 0.012 , 44.194 , 0
71.96 , 10.0 , 0.012 , 44.194 , 0
72.06 , 10.0 , 0.008 , 44.6 , 0
72.17 , 10.0 , 0.018 , 44.967 , 0
72.26 , 10.0 , 0.018 , 44.967 , 0
72.36 , 10.0 , -0.001 , 45.452 , 0
72.47 , 10.0 , 0.014 , 45.701 , 0
72.57 , 10.0 , 0.025 , 46.264 , 0
72.66 , 10.0 , 0.025 , 46.264 , 0
72.76 , 10.0 , -0.003 , 46.526 , 0
72.86 , 10.0 , -0.001 , 46.88 , 0
72.97 , 10.0 , -0.001 , 46.88 , 0
73.06 , 10.0 , 0.003 , 47.208 , 0
73.16 , 10.0 , 0.006 , 47.863 , 0
73.26 , 10.0 , 0.006 , 47.863 , 0
73.37 , 10.0 , 0.014 , 47.916 , 0
73.46 , 10.0 , 0.012 , 48.165 , 0
73.56 , 10.0 , 0.006 , 48.807 , 0
73.66 , 10.0 , 0.006 , 48.807 , 0
73.77 , 10.0 , 0.014 , 49.108 , 0
73.86 , 10.0 , 0.008 , 49.475 , 0
73.96 , 10.0 , 0.008 , 49.475 , 0
74.05 , 10.0 , 0.014 , 49.855 , 0
74.17 , 10.0 , 0.012 , 49.96 , 0
74.26 , 10.0 , 0.005 , 50.118 , 0
74.36 , 10.0 , 0.005 , 50.118 , 0
74.45 , 10.0 , 0.008 , 50.616 , 0
74.57 , 10.0 , 0.014 , 50.799 , 0
74.66 , 10.0 , 0.014 , 50.799 , 0
74.76 , 10.0 , -0.001 , 51.258 , 0
74.85 , 10.0 , 0.005 , 51.467 , 0
74.97 , 10.0 , 0.005 , 51.467 , 0
75.06 , 10.0 , 0.003 , 51.808 , 0
75.16 , 10.0 , 0.016 , 52.437 , 0
75.27 , 10.0 , 0.012 , 52.464 , 0
75.37 , 10.0 , 0.012 , 52.464 , 0
75.46 , 10.0 , 0.008 , 52.896 , 0
75.56 , 10.0 , 0.005 , 53.197 , 0
75.67 , 10.0 , 0.005 , 53.197 , 0
75.77 , 10.0 , -0.003 , 53.695 , 0
75.86 , 10.0 , 0.008 , 53.827 , 0
75.96 , 10.0 , 0.008 , 54.076 , 0
76.07 , 10.0 , 0.008 , 54.076 , 0
76.16 , 10.0 , 0.008 , 54.482 , 0
76.26 , 10.0 , 0.018 , 55.032 , 0
76.36 , 10.0 , 0.018 , 55.032 , 0
76.47 , 10.0 , 0.02 , 55.229 , 0
76.56 , 10.0 , 0.014 , 55.491 , 0
76.66 , 10.0 , 0.005 , 55.832 , 0
76.76 , 10.0 , 0.005 , 55.832 , 0
76.87 , 10.0 , 0.005 , 56.212 , 0
76.96 , 10.0 , -0.003 , 56.697 , 0
77.06 , 10.0 , -0.003 , 56.697 , 0
77.16 , 10.0 , 0.01 , 57.064 , 0
77.27 , 10.0 , -0.001 , 57.391 , 0
77.36 , 10.0 , -0.001 , 57.391 , 0
77.46 , 10.0 , 0.014 , 57.719 , 0
77.56 , 10.0 , 0.012 , 58.099 , 0
77.67 , 10.0 , 0.012 , 58.453 , 0
77.76 , 10.0 , 0.012 , 58.453 , 0
77.86 , 10.0 , 0.01 , 58.82 , 0
77.95 , 10.0 , 0.003 , 59.003 , 0
78.07 , 10.0 , 0.003 , 59.003 , 0
78.16 , 10.0 , 0.005 , 59.698 , 0
78.26 , 10.0 , 0.005 , 59.724 , 0
78.35 , 10.0 , 0.02 , 60.117 , 0
78.47 , 10.0 , 0.02 , 60.117 , 0
78.56 , 10.0 , 0.016 , 60.498 , 0
78.66 , 10.0 , 0.001 , 60.943 , 0
78.75 , 10.0 , 0.001 , 60.943 , 0
78.87 , 10.0 , 0.005 , 61.205 , 0
78.96 , 10.0 , 0.012 , 61.467 , 0
79.06 , 10.0 , 0.012 , 61.467 , 0
79.15 , 10.0 , 0.007 , 61.782 , 0
79.27 , 10.0 , 0.005 , 62.319 , 0
79.36 , 10.0 , 0.01 , 62.516 , 0
79.46 , 10.0 , 0.01 , 62.516 , 0
79.57 , 10.0 , 0.005 , 62.909 , 0
79.67 , 10.0 , 0.018 , 63.407 , 0
79.76 , 10.0 , 0.018 , 63.407 , 0
79.86 , 10.0 , 0.012 , 63.617 , 0
79.97 , 10.0 , 0.005 , 63.853 , 0
80.07 , 10.0 , -0.003 , 64.22 , 0
80.16 , 10.0 , -0.003 , 64.22 , 0
80.26 , 10.0 , 0.003 , 64.613 , 0
80.37 , 10.0 , -0.001 , 64.875 , 0
80.46 , 10.0 , -0.001 , 64.875 , 0
80.56 , 10.0 , 0.007 , 65.268 , 0
80.66 , 10.0 , 0.007 , 65.805 , 0
80.77 , 10.0 , 0.007 , 65.805 , 0
80.86 , 10.0 , 0.005 , 66.159 , 0
80.96 , 10.0 , 0.014 , 66.395 , 0
81.06 , 10.0 , 0.007 , 66.762 , 0
81.17 , 10.0 , 0.007 , 66.762 , 0
81.26 , 10.0 , 0.012 , 67.077 , 0
81.36 , 10.0 , 0.007 , 67.509 , 0
81.46 , 10.0 , 0.007 , 67.509 , 0
81.57 , 10.0 , 0.005 , 67.902 , 0
81.66 , 10.0 , 0.005 , 68.309 , 0
81.76 , 10.0 , -0.003 , 68.584 , 0
81.86 , 10.0 , -0.003 , 68.584 , 0
81.97 , 10.0 , 0.001 , 68.322 , 0
82.06 , 10.0 , -0.001 , 68.033 , 0
82.16 , 10.0 , -0.001 , 68.033 , 0
82.26 , 10.0 , 0.001 , 68.138 , 0
82.37 , 10.0 , 0.016 , 68.047 , 0
82.46 , 10.0 , -0.001 , 67.85 , 0
82.56 , 10.0 , -0.001 , 67.85 , 0
82.65 , 10.0 , 0.014 , 67.745 , 0
82.77 , 10.0 , 0.007 , 67.627 , 0
82.86 , 10.0 , 0.007 , 67.627 , 0
82.96 , 10.0 , 0.012 , 67.614 , 0
83.05 , 10.0 , 0.018 , 67.575 , 0
83.17 , 10.0 , 0.018 , 67.575 , 0
83.26 , 10.0 , -0.001 , 67.562 , 0
83.36 , 10.0 , 0.003 , 67.313 , 0
83.45 , 10.0 , 0.009 , 67.221 , 0
83.57 , 10.0 , 0.009 , 67.221 , 0
83.66 , 10.0 , 0.016 , 67.168 , 0
83.76 , 10.0 , 0.022 , 67.247 , 0
83.87 , 10.0 , 0.022 , 67.247 , 0
83.97 , 10.0 , 0.007 , 66.946 , 0
84.06 , 10.0 , 0.005 , 66.972 , 0
84.16 , 10.0 , 0.009 , 67.024 , 0
84.27 , 10.0 , 0.009 , 67.024 , 0
84.37 , 10.0 , 0.018 , 66.854 , 0
84.46 , 10.0 , 0.007 , 66.67 , 0
84.56 , 10.0 , 0.007 , 66.67 , 0
84.67 , 10.0 , 0.007 , 66.762 , 0
84.76 , 10.0 , 0.001 , 66.684 , 0
84.86 , 10.0 , 0.001 , 66.684 , 0
84.96 , 10.0 , 0.007 , 66.684 , 0
85.07 , 10.0 , 0.003 , 66.474 , 0
85.16 , 10.0 , 0.005 , 66.631 , 0
85.26 , 10.0 , 0.005 , 66.631 , 0
85.36 , 10.0 , 0.009 , 66.395 , 0
85.47 , 10.0 , 0.016 , 66.343 , 0
85.56 , 10.0 , 0.016 , 66.343 , 0
85.66 , 10.0 , 0.005 , 66.539 , 0
85.76 , 10.0 , 0.009 , 66.369 , 0
85.87 , 10.0 , 0.005 , 66.369 , 0
85.96 , 10.0 , 0.005 , 66.369 , 0
86.06 , 10.0 , 0.012 , 66.408 , 0
86.16 , 10.0 , 0.003 , 66.225 , 0
86.27 , 10.0 , 0.003 , 66.225 , 0
86.36 , 10.0 , 0.005 , 65.989 , 0
86.46 , 10.0 , 0.014 , 66.054 , 0
86.55 , 10.0 , 0.014 , 66.054 , 0
86.67 , 10.0 , 0.005 , 65.937 , 0
86.76 , 10.0 , 0.003 , 65.95 , 0
86.86 , 10.0 , 0.012 , 65.819 , 0
86.95 , 10.0 , 0.012 , 65.819 , 0
87.07 , 10.0 , 0.012 , 65.609 , 0
87.16 , 10.0 , 0.012 , 65.871 , 0
87.26 , 10.0 , 0.012 , 65.871 , 0
87.35 , 10.0 , 0.009 , 65.845 , 0
87.47 , 10.0 , 0.012 , 65.727 , 0
87.56 , 10.0 , 0.014 , 65.95 , 0
87.66 , 10.0 , 0.014 , 65.95 , 0
87.75 , 10.0 , 0.009 , 65.596 , 0
87.87 , 10.0 , 0.009 , 65.556 , 0
87.96 , 10.0 , 0.009 , 65.556 , 0
88.06 , 10.0 , 0.005 , 65.517 , 0
88.17 , 10.0 , 0.014 , 65.478 , 0
88.27 , 10.0 , 0.007 , 65.438 , 0
88.36 , 10.0 , 0.007 , 65.438 , 0
88.46 , 10.0 , 0.012 , 65.412 , 0
88.57 , 10.0 , 0.003 , 65.294 , 0
88.67 , 10.0 , 0.003 , 65.294 , 0
88.76 , 10.0 , 0.009 , 65.412 , 0
88.86 , 10.0 , 0.009 , 65.255 , 0
88.97 , 10.0 , 0.009 , 65.255 , 0
89.06 , 10.0 , 0.007 , 65.386 , 0
89.16 , 10.0 , 0.001 , 65.189 , 0
89.26 , 10.0 , -0.001 , 65.072 , 0
89.37 , 10.0 , -0.001 , 65.072 , 0
89.46 , 10.0 , 0.005 , 64.927 , 0
89.56 , 10.0 , 0.022 , 65.137 , 0
89.66 , 10.0 , 0.022 , 65.137 , 0
89.77 , 10.0 , 0.014 , 64.744 , 0
89.86 , 10.0 , 0.001 , 64.77 , 0
89.96 , 10.0 , 0.016 , 64.731 , 0
90.06 , 10.0 , 0.016 , 64.731 , 0
90.17 , 10.0 , 0.016 , 64.705 , 0
90.26 , 10.0 , 0.007 , 64.6 , 0
90.36 , 10.0 , 0.007 , 64.6 , 0
90.46 , 10.0 , -0.001 , 64.482 , 0
90.57 , 10.0 , 0.001 , 64.56 , 0
90.66 , 10.0 , 0.001 , 64.56 , 0
90.76 , 10.0 , 0.02 , 64.521 , 0
90.85 , 10.0 , 0.014 , 64.469 , 0
90.97 , 10.0 , 0.014 , 64.429 , 0
91.06 , 10.0 , 0.014 , 64.429 , 0
91.16 , 10.0 , 0.01 , 64.429 , 0
91.25 , 10.0 , 0.003 , 64.272 , 0
91.37 , 10.0 , 0.003 , 64.272 , 0
91.46 , 10.0 , 0.003 , 64.272 , 0
91.56 , 10.0 , 0.01 , 64.01 , 0
91.65 , 10.0 , 0.018 , 64.154 , 0
91.77 , 10.0 , 0.018 , 64.154 , 0
91.86 , 10.0 , 0.014 , 63.84 , 0
91.96 , 10.0 , 0.005 , 63.958 , 0
92.05 , 10.0 , 0.005 , 63.958 , 0
92.17 , 10.0 , 0.007 , 63.735 , 0
92.26 , 10.0 , 0.003 , 63.643 , 0
92.36 , 10.0 , 0.003 , 63.643 , 0
92.45 , 10.0 , 0.014 , 63.813 , 0
92.56 , 10.0 , 0.01 , 63.682 , 0
92.66 , 10.0 , 0.014 , 63.433 , 0
92.76 , 10.0 , 0.014 , 63.433 , 0
92.87 , 10.0 , 0.001 , 63.499 , 0
92.96 , 10.0 , 0.007 , 63.407 , 0
93.06 , 10.0 , 0.007 , 63.407 , 0
93.16 , 10.0 , 0.014 , 63.407 , 0
93.27 , 10.0 , -0.003 , 63.381 , 0
93.36 , 10.0 , 0.001 , 63.145 , 0
93.46 , 10.0 , 0.001 , 63.145 , 0
93.56 , 10.0 , 0.003 , 63.171 , 0
93.67 , 10.0 , 0.01 , 63.04 , 0
93.76 , 10.0 , 0.01 , 63.04 , 0
93.86 , 10.0 , 0.012 , 63.132 , 0
93.96 , 10.0 , 0.018 , 62.961 , 0
94.07 , 10.0 , 0.005 , 62.975 , 0
94.16 , 10.0 , 0.005 , 62.975 , 0
94.26 , 10.0 , 0.012 , 62.83 , 0
94.36 , 10.0 , 0.003 , 62.817 , 0
94.47 , 10.0 , 0.003 , 62.817 , 0
94.56 , 10.0 , 0.012 , 62.712 , 0
94.66 , 10.0 , 0.02 , 62.634 , 0
94.76 , 10.0 , 0.02 , 62.634 , 0
94.87 , 10.0 , 0.014 , 62.398 , 0
94.96 , 10.0 , 0.012 , 62.516 , 0
95.06 , 10.0 , 0.012 , 62.306 , 0
95.15 , 10.0 , 0.012 , 62.306 , 0
95.27 , 10.0 , 0.007 , 62.044 , 0
95.36 , 10.0 , -0.003 , 62.162 , 0
95.46 , 10.0 , -0.003 , 62.162 , 0
95.55 , 10.0 , 0.024 , 62.123 , 0
95.67 , 10.0 , 0.018 , 61.913 , 0
95.76 , 10.0 , 0.007 , 61.808 , 0
95.86 , 10.0 , 0.007 , 61.808 , 0
95.95 , 10.0 , 0.005 , 61.664 , 0
96.07 , 10.0 , 0.012 , 61.743 , 0
96.16 , 10.0 , 0.012 , 61.743 , 0
96.26 , 10.0 , 0.007 , 61.598 , 0
96.35 , 10.0 , -0.001 , 61.559 , 0
96.47 , 10.0 , -0.001 , 61.559 , 0
96.56 , 10.0 , 0.016 , 61.48 , 0
96.66 , 10.0 , 0.016 , 61.231 , 0
96.77 , 10.0 , 0.014 , 61.402 , 0
96.87 , 10.0 , 0.014 , 61.402 , 0
96.96 , 10.0 , 0.016 , 61.218 , 0
97.06 , 10.0 , 0.014 , 61.323 , 0
97.17 , 10.0 , 0.014 , 61.323 , 0
97.26 , 10.0 , 0.02 , 61.258 , 0
97.36 , 10.0 , 0.01 , 60.878 , 0
97.46 , 10.0 , 0.001 , 60.904 , 0
97.57 , 10.0 , 0.001 , 60.904 , 0
97.66 , 10.0 , 0.016 , 60.747 , 0
97.76 , 10.0 , 0.007 , 60.681 , 0
97.86 , 10.0 , 0.007 , 60.681 , 0
97.97 , 10.0 , 0.005 , 60.406 , 0
98.06 , 10.0 , 0.014 , 60.471 , 0
98.16 , 10.0 , 0.014 , 60.471 , 0
98.26 , 10.0 , 0.007 , 60.484 , 0
98.37 , 10.0 , 0.007 , 60.222 , 0
98.46 , 10.0 , 0.003 , 60.144 , 0
98.56 , 10.0 , 0.003 , 60.144 , 0
98.66 , 10.0 , 0.024 , 59.934 , 0
98.77 , 10.0 , 0.01 , 60.065 , 0
98.86 , 10.0 , 0.01 , 60.065 , 0
98.96 , 10.0 , 0.007 , 59.868 , 0
99.06 , 10.0 , 0.003 , 59.973 , 0
99.17 , 10.0 , 0.01 , 59.711 , 0
99.26 , 10.0 , 0.01 , 59.711 , 0
99.36 , 10.0 , 0.01 , 59.554 , 0
99.45 , 10.0 , 0.014 , 59.528 , 0
99.57 , 10.0 , 0.014 , 59.528 , 0
99.66 , 10.0 , -0.005 , 59.606 , 0
99.76 , 10.0 , 0.012 , 59.528 , 0
99.85 , 10.0 , 0.018 , 59.37 , 0
99.97 , 10.0 , 0.018 , 59.37 , 0
100.06 , 10.0 , 0.014 , 59.41 , 0
100.16 , 10.0 , 0.007 , 59.279 , 0
100.25 , 10.0 , 0.007 , 59.279 , 0
100.37 , 10.0 , 0.01 , 59.226 , 0
100.46 , 10.0 , 0.016 , 59.2 , 0
100.56 , 10.0 , 0.016 , 59.2 , 0
100.65 , 10.0 , 0.005 , 58.964 , 0
100.77 , 10.0 , 0.005 , 59.056 , 0
100.86 , 10.0 , 0.005 , 58.872 , 0
100.96 , 10.0 , 0.005 , 58.872 , 0
101.07 , 10.0 , 0.001 , 58.82 , 0
101.17 , 10.0 , 0.012 , 58.702 , 0
101.26 , 10.0 , 0.012 , 58.702 , 0
101.36 , 10.0 , 0.001 , 58.505 , 0
101.47 , 10.0 , 0.016 , 58.256 , 0
101.56 , 10.0 , 0.012 , 58.44 , 0
101.66 , 10.0 , 0.012 , 58.44 , 0
101.76 , 10.0 , 0.003 , 58.466 , 0
101.87 , 10.0 , 0.01 , 58.335 , 0
101.96 , 10.0 , 0.01 , 58.335 , 0
102.06 , 10.0 , 0.005 , 58.191 , 0
102.16 , 10.0 , 0.003 , 57.903 , 0
102.27 , 10.0 , 0.003 , 57.903 , 0
102.36 , 10.0 , 0.016 , 58.152 , 0
102.46 , 10.0 , 0.01 , 57.955 , 0
102.56 , 10.0 , -0.003 , 57.785 , 0
102.67 , 10.0 , -0.003 , 57.785 , 0
102.76 , 10.0 , 0.003 , 57.758 , 0
102.86 , 10.0 , 0.02 , 57.916 , 0
102.96 , 10.0 , 0.02 , 57.916 , 0
103.07 , 10.0 , -0.007 , 57.627 , 0
103.16 , 10.0 , 0.02 , 57.64 , 0
103.26 , 10.0 , 0.018 , 57.365 , 0
103.35 , 10.0 , 0.018 , 57.365 , 0
103.47 , 10.0 , 0.01 , 57.287 , 0
103.56 , 10.0 , 0.008 , 57.182 , 0
103.66 , 10.0 , 0.008 , 57.182 , 0
103.75 , 10.0 , 0.01 , 57.142 , 0
103.87 , 10.0 , 0.016 , 56.985 , 0
103.96 , 10.0 , 0.016 , 56.762 , 0
104.06 , 10.0 , 0.016 , 56.762 , 0
104.15 , 10.0 , 0.014 , 56.671 , 0
104.27 , 10.0 , 0.014 , 56.671 , 0
104.36 , 10.0 , 0.014 , 56.671 , 0
104.46 , 10.0 , 0.012 , 56.553 , 0
104.55 , 10.0 , 0.008 , 56.304 , 0
104.67 , 10.0 , 0.008 , 56.304 , 0
104.76 , 10.0 , 0.003 , 56.382 , 0
104.86 , 10.0 , 0.005 , 56.146 , 0
104.95 , 10.0 , -0.009 , 56.094 , 0
105.07 , 10.0 , -0.009 , 56.094 , 0
105.16 , 10.0 , 0.008 , 56.041 , 0
105.26 , 10.0 , 0.022 , 55.95 , 0
105.37 , 10.0 , 0.022 , 55.95 , 0
105.46 , 10.0 , 0.001 , 55.74 , 0
105.56 , 10.0 , 0.014 , 55.622 , 0
105.66 , 10.0 , 0.008 , 55.596 , 0
105.77 , 10.0 , 0.008 , 55.596 , 0
105.86 , 10.0 , 0.003 , 55.792 , 0
105.96 , 10.0 , 0.014 , 55.53 , 0
106.06 , 10.0 , 0.014 , 55.53 , 0
106.17 , 10.0 , 0.01 , 55.517 , 0
106.26 , 10.0 , 0.01 , 55.465 , 0
106.36 , 10.0 , 0.01 , 55.465 , 0
106.46 , 10.0 , 0.001 , 55.281 , 0
106.57 , 10.0 , 0.001 , 55.229 , 0
106.66 , 10.0 , 0.014 , 55.176 , 0
106.76 , 10.0 , 0.014 , 55.176 , 0
106.87 , 10.0 , -0.005 , 55.085 , 0
106.97 , 10.0 , -0.003 , 54.875 , 0
107.06 , 10.0 , -0.003 , 54.875 , 0
107.16 , 10.0 , 0.008 , 54.836 , 0
107.26 , 10.0 , 0.005 , 54.665 , 0
107.37 , 10.0 , -0.003 , 54.665 , 0
107.46 , 10.0 , -0.003 , 54.665 , 0
107.56 , 10.0 , 0.01 , 54.521 , 0
107.65 , 10.0 , 0.014 , 54.626 , 0
107.77 , 10.0 , 0.014 , 54.626 , 0
107.86 , 10.0 , 0.012 , 54.482 , 0
107.96 , 10.0 , 0.005 , 54.325 , 0
108.05 , 10.0 , 0.005 , 54.325 , 0
108.17 , 10.0 , 0.008 , 54.246 , 0
108.26 , 10.0 , 0.012 , 54.207 , 0
108.36 , 10.0 , 0.01 , 54.049 , 0
108.45 , 10.0 , 0.01 , 54.049 , 0
108.57 , 10.0 , -0.005 , 54.128 , 0
108.66 , 10.0 , 0.014 , 53.997 , 0
108.76 , 10.0 , 0.014 , 53.997 , 0
108.85 , 10.0 , 0.018 , 53.774 , 0
108.97 , 10.0 , 0.014 , 53.761 , 0
109.06 , 10.0 , 0.008 , 53.787 , 0
109.16 , 10.0 , 0.008 , 53.787 , 0
109.27 , 10.0 , 0.016 , 53.695 , 0
109.37 , 10.0 , 0.001 , 53.433 , 0
109.46 , 10.0 , 0.001 , 53.433 , 0
109.56 , 10.0 , 0.001 , 53.42 , 0
109.67 , 10.0 , 0.02 , 53.315 , 0
109.76 , 10.0 , 0.014 , 53.368 , 0
109.86 , 10.0 , 0.014 , 53.368 , 0
109.96 , 10.0 , 0.014 , 53.237 , 0
110.07 , 10.0 , 0.008 , 53.145 , 0
110.16 , 10.0 , 0.008 , 53.145 , 0
110.26 , 10.0 , 0.008 , 53.066 , 0
110.36 , 10.0 , 0.008 , 53.053 , 0
110.47 , 10.0 , 0.008 , 53.053 , 0
110.56 , 10.0 , 0.01 , 52.883 , 0
110.66 , 10.0 , 0.005 , 53.001 , 0
110.76 , 10.0 , 0.01 , 52.791 , 0
110.87 , 10.0 , 0.01 , 52.791 , 0
110.96 , 10.0 , 0.005 , 52.686 , 0
111.06 , 10.0 , 0.01 , 52.516 , 0
111.16 , 10.0 , 0.01 , 52.516 , 0
111.27 , 10.0 , 0.005 , 52.49 , 0
111.36 , 10.0 , 0.01 , 52.346 , 0
111.46 , 10.0 , 0.012 , 52.359 , 0
111.56 , 10.0 , 0.012 , 52.359 , 0
111.67 , 10.0 , 0.001 , 52.306 , 0
111.76 , 10.0 , 0.016 , 52.149 , 0
111.86 , 10.0 , 0.016 , 52.149 , 0
111.95 , 10.0 , 0.003 , 51.965 , 0
112.07 , 10.0 , 0.012 , 51.848 , 0
112.16 , 10.0 , 0.012 , 51.848 , 0
112.26 , 10.0 , 0.005 , 51.625 , 0
112.35 , 10.0 , 0.02 , 51.638 , 0
112.47 , 10.0 , 0.014 , 51.599 , 0
112.56 , 10.0 , 0.014 , 51.599 , 0
112.66 , 10.0 , 0.005 , 51.428 , 0
112.75 , 10.0 , 0.014 , 51.31 , 0
112.87 , 10.0 , 0.014 , 51.31 , 0
112.96 , 10.0 , -0.001 , 51.179 , 0
113.06 , 10.0 , 0.012 , 51.192 , 0
113.15 , 10.0 , 0.012 , 50.851 , 0
113.27 , 10.0 , 0.012 , 50.851 , 0
113.36 , 10.0 , 0.014 , 50.825 , 0
113.46 , 10.0 , 0.003 , 50.563 , 0
113.55 , 10.0 , 0.003 , 50.563 , 0
113.67 , 10.0 , 0.012 , 50.498 , 0
113.76 , 10.0 , 0.016 , 50.34 , 0
113.86 , 10.0 , 0.016 , 50.34 , 0
113.97 , 10.0 , 0.012 , 50.38 , 0
114.06 , 10.0 , 0.014 , 50.301 , 0
114.16 , 10.0 , 0.001 , 50.104 , 0
114.26 , 10.0 , 0.001 , 50.104 , 0
114.37 , 10.0 , 0.008 , 50.222 , 0
114.46 , 10.0 , 0.008 , 50.078 , 0
114.56 , 10.0 , 0.008 , 50.078 , 0
114.66 , 10.0 , 0.001 , 49.934 , 0
114.77 , 10.0 , 0.01 , 49.908 , 0
114.86 , 10.0 , 0.02 , 49.816 , 0
114.96 , 10.0 , 0.02 , 49.816 , 0
115.06 , 10.0 , 0.012 , 49.737 , 0
115.17 , 10.0 , 0.01 , 49.593 , 0
115.26 , 10.0 , 0.01 , 49.593 , 0
115.36 , 10.0 , -0.001 , 49.108 , 0
115.46 , 10.0 , 0.016 , 49.004 , 0
115.57 , 10.0 , 0.003 , 48.768 , 0
115.66 , 10.0 , 0.003 , 48.768 , 0
115.76 , 10.0 , 0.01 , 48.65 , 0
115.86 , 10.0 , 0.003 , 48.623 , 0
115.97 , 10.0 , 0.003 , 48.623 , 0
116.06 , 10.0 , 0.006 , 48.466 , 0
116.16 , 10.0 , -0.003 , 48.283 , 0
116.25 , 10.0 , -0.003 , 48.283 , 0
116.37 , 10.0 , 0.014 , 48.06 , 0
116.46 , 10.0 , 0.012 , 48.152 , 0
116.56 , 10.0 , -0.001 , 47.903 , 0
116.65 , 10.0 , -0.001 , 47.903 , 0
116.77 , 10.0 , 0.018 , 47.772 , 0
116.88 , 10.0 , 0.001 , 47.562 , 0
116.96 , 10.0 , 0.001 , 47.562 , 0
117.05 , 10.0 , 0.006 , 47.431 , 0
117.17 , 10.0 , 0.006 , 47.182 , 0
117.26 , 10.0 , 0.006 , 46.946 , 0
117.36 , 10.0 , 0.006 , 46.946 , 0
117.45 , 10.0 , -0.001 , 46.749 , 0
117.57 , 10.0 , 0.018 , 46.789 , 0
117.66 , 10.0 , 0.018 , 46.789 , 0
117.76 , 10.0 , 0.008 , 46.553 , 0
117.87 , 10.0 , 0.014 , 46.343 , 0
117.97 , 10.0 , 0.014 , 46.343 , 0
118.06 , 10.0 , 0.006 , 46.12 , 0
118.16 , 10.0 , -0.001 , 45.766 , 0
118.27 , 10.0 , 0.01 , 45.845 , 0
118.36 , 10.0 , 0.01 , 45.845 , 0
118.46 , 10.0 , 0.012 , 45.308 , 0
118.56 , 10.0 , 0.016 , 45.19 , 0
118.67 , 10.0 , 0.016 , 45.19 , 0
118.76 , 10.0 , 0.016 , 45.281 , 0
118.86 , 10.0 , 0.01 , 44.836 , 0
118.96 , 10.0 , 0.006 , 44.888 , 0
119.07 , 10.0 , 0.006 , 44.888 , 0
119.16 , 10.0 , 0.001 , 44.626 , 0
119.26 , 10.0 , 0.003 , 44.6 , 0
119.36 , 10.0 , 0.003 , 44.6 , 0
119.47 , 10.0 , 0.008 , 44.285 , 0
119.56 , 10.0 , 0.006 , 44.115 , 0
119.66 , 10.0 , 0.006 , 44.115 , 0
119.76 , 10.0 , 0.003 , 43.879 , 0
119.87 , 10.0 , 0.012 , 43.853 , 0
119.96 , 10.0 , 0.001 , 43.774 , 0
120.06 , 10.0 , 0.001 , 43.774 , 0
120.16 , 10.0 , 0.008 , 43.433 , 0
120.27 , 10.0 , -0.001 , 43.289 , 0
120.36 , 10.0 , -0.001 , 43.289 , 0
120.46 , 10.0 , 0.01 , 43.211 , 0
120.55 , 10.0 , 0.012 , 43.093 , 0
120.67 , 10.0 , 0.008 , 42.791 , 0
120.76 , 10.0 , 0.008 , 42.791 , 0
120.86 , 10.0 , 0.008 , 42.87 , 0
120.95 , 10.0 , 0.001 , 42.608 , 0
121.07 , 10.0 , 0.001 , 42.608 , 0
121.16 , 10.0 , -0.003 , 42.306 , 0
121.26 , 10.0 , 0.016 , 42.464 , 0
121.37 , 10.0 , 0.006 , 42.057 , 0
121.47 , 10.0 , 0.006 , 42.057 , 0
121.56 , 10.0 , 0.016 , 42.097 , 0
121.66 , 10.0 , 0.012 , 41.9 , 0
121.77 , 10.0 , 0.012 , 41.9 , 0
121.87 , 10.0 , 0.027 , 41.507 , 0
121.96 , 10.0 , 0.001 , 41.245 , 0
122.06 , 10.0 , 0.001 , 41.245 , 0
122.17 , 10.0 , 0.012 , 41.192 , 0
122.27 , 10.0 , 0.008 , 41.009 , 0
122.36 , 10.0 , 0.001 , 40.956 , 0
122.46 , 10.0 , 0.001 , 40.956 , 0
122.57 , 10.0 , 0.001 , 40.747 , 0
122.66 , 10.0 , 0.01 , 40.655 , 0
122.76 , 10.0 , 0.01 , 40.655 , 0
122.86 , 10.0 , 0.001 , 40.485 , 0
122.97 , 10.0 , 0.008 , 40.17 , 0
123.06 , 10.0 , -0.001 , 40.262 , 0
123.16 , 10.0 , -0.001 , 40.262 , 0
123.26 , 10.0 , 0.014 , 40.105 , 0
123.37 , 10.0 , 0.014 , 39.829 , 0
123.46 , 10.0 , 0.014 , 39.829 , 0
123.56 , 10.0 , 0.006 , 39.882 , 0
123.66 , 10.0 , 0.008 , 39.62 , 0
123.77 , 10.0 , 0.008 , 39.62 , 0
123.86 , 10.0 , 0.016 , 39.567 , 0
123.96 , 10.0 , 0.006 , 39.449 , 0
124.06 , 10.0 , 0.01 , 39.135 , 0
124.17 , 10.0 , 0.01 , 39.135 , 0
124.26 , 10.0 , 0.016 , 39.148 , 0
124.36 , 10.0 , 0.01 , 38.951 , 0
124.45 , 10.0 , 0.01 , 38.951 , 0
124.57 , 10.0 , 0.004 , 38.873 , 0
124.66 , 10.0 , -0.001 , 38.597 , 0
124.76 , 10.0 , 0.008 , 38.519 , 0
124.85 , 10.0 , 0.008 , 38.519 , 0
124.97 , 10.0 , 0.018 , 38.335 , 0
125.06 , 10.0 , 0.018 , 38.388 , 0
125.16 , 10.0 , 0.018 , 38.388 , 0
125.25 , 10.0 , 0.016 , 38.112 , 0
125.37 , 10.0 , 0.01 , 37.942 , 0
125.46 , 10.0 , 0.01 , 37.942 , 0
125.56 , 10.0 , 0.004 , 37.876 , 0
125.65 , 10.0 , -0.001 , 37.785 , 0
125.77 , 10.0 , 0.004 , 37.667 , 0
125.86 , 10.0 , 0.004 , 37.667 , 0
125.96 , 10.0 , 0.008 , 37.536 , 0
126.05 , 10.0 , 0.01 , 37.247 , 0
126.17 , 10.0 , 0.01 , 37.247 , 0
126.26 , 10.0 , 0.014 , 37.195 , 0
126.36 , 10.0 , 0.014 , 36.88 , 0
126.47 , 10.0 , 0.006 , 36.907 , 0
126.56 , 10.0 , 0.006 , 36.907 , 0
126.66 , 10.0 , 0.001 , 36.749 , 0
126.76 , 10.0 , 0.016 , 36.684 , 0
126.87 , 10.0 , 0.016 , 36.684 , 0
126.96 , 10.0 , 0.01 , 36.435 , 0
127.06 , 10.0 , 0.008 , 36.409 , 0
127.16 , 10.0 , 0.008 , 36.278 , 0
127.27 , 10.0 , 0.008 , 36.278 , 0
127.36 , 10.0 , 0.01 , 36.12 , 0
127.46 , 10.0 , 0.008 , 36.029 , 0
127.56 , 10.0 , 0.008 , 36.029 , 0
127.67 , 10.0 , 0.012 , 35.911 , 0
127.76 , 10.0 , 0.001 , 35.963 , 0
127.86 , 10.0 , 0.001 , 35.963 , 0
127.96 , 10.0 , 0.012 , 35.766 , 0
128.07 , 10.0 , 0.012 , 35.622 , 0
128.16 , 10.0 , 0.014 , 35.596 , 0
128.26 , 10.0 , 0.014 , 35.596 , 0
128.36 , 10.0 , 0.006 , 35.544 , 0
128.47 , 10.0 , 0.014 , 35.596 , 0
128.56 , 10.0 , 0.014 , 35.596 , 0
128.66 , 10.0 , 0.016 , 35.347 , 0
128.75 , 10.0 , 0.006 , 35.19 , 0
128.87 , 10.0 , 0.004 , 34.888 , 0
128.96 , 10.0 , 0.004 , 34.888 , 0
129.06 , 10.0 , 0.01 , 34.993 , 0
129.15 , 10.0 , 0.019 , 34.705 , 0
129.27 , 10.0 , 0.019 , 34.705 , 0
129.36 , 10.0 , 0.012 , 34.757 , 0
129.46 , 10.0 , 0.01 , 34.6 , 0
129.55 , 10.0 , 0.01 , 34.6 , 0
129.67 , 10.0 , 0.006 , 34.456 , 0
129.76 , 10.0 , 0.016 , 34.207 , 0
129.86 , 10.0 , 0.012 , 34.285 , 0
129.95 , 10.0 , 0.012 , 34.285 , 0
130.07 , 10.0 , 0.012 , 34.141 , 0
130.16 , 10.0 , 0.002 , 33.787 , 0
130.26 , 10.0 , 0.002 , 33.787 , 0
130.37 , 10.0 , 0.016 , 33.853 , 0
130.47 , 10.0 , 0.016 , 33.918 , 0
130.56 , 10.0 , 0.006 , 33.84 , 0
130.66 , 10.0 , 0.006 , 33.84 , 0
130.77 , 10.0 , 0.012 , 33.643 , 0
130.86 , 10.0 , -0.005 , 33.434 , 0
130.96 , 10.0 , -0.005 , 33.434 , 0
131.06 , 10.0 , 0.01 , 33.538 , 0
131.17 , 10.0 , 0.008 , 33.302 , 0
131.26 , 10.0 , 0.008 , 33.302 , 0
131.36 , 10.0 , 0.01 , 33.171 , 0
131.46 , 10.0 , 0.014 , 33.08 , 0
131.57 , 10.0 , 0.012 , 32.883 , 0
131.66 , 10.0 , 0.012 , 32.883 , 0
131.76 , 10.0 , 0.006 , 32.739 , 0
131.86 , 10.0 , 0.004 , 32.818 , 0
131.97 , 10.0 , 0.004 , 32.818 , 0
132.06 , 10.0 , -0.001 , 32.621 , 0
132.16 , 10.0 , 0.002 , 32.673 , 0
132.26 , 10.0 , 0.012 , 32.398 , 0
132.37 , 10.0 , 0.012 , 32.398 , 0
132.46 , 10.0 , 0.01 , 32.306 , 0
132.56 , 10.0 , 0.006 , 32.228 , 0
132.65 , 10.0 , 0.006 , 32.228 , 0
132.77 , 10.0 , 0.01 , 32.136 , 0
132.86 , 10.0 , -0.001 , 32.031 , 0
132.96 , 10.0 , 0.012 , 31.9 , 0
133.05 , 10.0 , 0.012 , 31.9 , 0
133.17 , 10.0 , 0.014 , 31.69 , 0
133.26 , 10.0 , 0.008 , 31.599 , 0
133.36 , 10.0 , 0.008 , 31.599 , 0
133.45 , 10.0 , 0.012 , 31.69 , 0
133.57 , 10.0 , 0.008 , 31.717 , 0
133.66 , 10.0 , 0.008 , 31.717 , 0
133.76 , 10.0 , 0.014 , 31.389 , 0
133.85 , 10.0 , 0.006 , 31.402 , 0
133.97 , 10.0 , 0.006 , 31.363 , 0
134.06 , 10.0 , 0.006 , 31.363 , 0
134.16 , 10.0 , 0.01 , 31.088 , 0
134.25 , 10.0 , 0.014 , 31.179 , 0
134.37 , 10.0 , 0.014 , 31.179 , 0
134.46 , 10.0 , -0.001 , 31.061 , 0
134.56 , 10.0 , 0.008 , 30.812 , 0
134.67 , 10.0 , 0.008 , 30.904 , 0
134.76 , 10.0 , 0.008 , 30.904 , 0
134.86 , 10.0 , -0.001 , 30.642 , 0
134.96 , 10.0 , 0.004 , 30.498 , 0
135.07 , 10.0 , 0.004 , 30.498 , 0
135.16 , 10.0 , 0.025 , 30.445 , 0
135.26 , 10.0 , 0.01 , 30.38 , 0
135.36 , 10.0 , 0.01 , 30.38 , 0
135.47 , 10.0 , 0.01 , 30.249 , 0
135.56 , 10.0 , 0.004 , 30.183 , 0
135.66 , 10.0 , -0.001 , 30.131 , 0
135.76 , 10.0 , -0.001 , 30.131 , 0
135.87 , 10.0 , 0.006 , 29.947 , 0
135.96 , 10.0 , 0.012 , 29.934 , 0
136.06 , 10.0 , 0.012 , 29.934 , 0
136.16 , 10.0 , 0.014 , 29.62 , 0
136.27 , 10.0 , 0.012 , 29.633 , 0
136.36 , 10.0 , 0.012 , 29.567 , 0
136.46 , 10.0 , 0.012 , 29.567 , 0
136.56 , 10.0 , 0.023 , 29.725 , 0
136.67 , 10.0 , 0.016 , 29.58 , 0
136.76 , 10.0 , 0.016 , 29.58 , 0
136.86 , 10.0 , 0.004 , 29.449 , 0
136.95 , 10.0 , 0.004 , 29.371 , 0
137.07 , 10.0 , 0.008 , 29.371 , 0
137.16 , 10.0 , 0.008 , 29.371 , 0
137.26 , 10.0 , 0.012 , 29.331 , 0
137.35 , 10.0 , 0.012 , 29.24 , 0
137.47 , 10.0 , 0.012 , 29.24 , 0
137.56 , 10.0 , 0.002 , 29.358 , 0
137.66 , 10.0 , 0.008 , 29.017 , 0
137.75 , 10.0 , 0.008 , 29.017 , 0
137.87 , 10.0 , 0.002 , 28.728 , 0
137.96 , 10.0 , 0.002 , 28.742 , 0
138.06 , 10.0 , 0.012 , 28.624 , 0
138.15 , 10.0 , 0.012 , 28.624 , 0
138.27 , 10.0 , 0.002 , 28.611 , 0
138.36 , 10.0 , -0.009 , 28.453 , 0
138.46 , 10.0 , -0.009 , 28.453 , 0
138.57 , 10.0 , 0.021 , 28.348 , 0
138.67 , 10.0 , 0.002 , 28.388 , 0
138.76 , 10.0 , 0.006 , 28.152 , 0
138.89 , 10.0 , 0.006 , 28.152 , 0
138.97 , 10.0 , 0.008 , 28.047 , 0
139.07 , 10.0 , 0.019 , 27.995 , 0
139.16 , 10.0 , 0.019 , 27.995 , 0
139.26 , 10.0 , 0.006 , 28.06 , 0
139.37 , 10.0 , 0.021 , 28.034 , 0
139.46 , 10.0 , 0.021 , 28.034 , 0
139.56 , 10.0 , 0.012 , 27.732 , 0
139.66 , 10.0 , 0.014 , 27.614 , 0
139.77 , 10.0 , 0.004 , 27.628 , 0
139.86 , 10.0 , 0.004 , 27.628 , 0
139.96 , 10.0 , 0.008 , 27.444 , 0
140.06 , 10.0 , 0.012 , 27.379 , 0
140.17 , 10.0 , 0.012 , 27.379 , 0
140.26 , 10.0 , 0.012 , 27.444 , 0
140.36 , 10.0 , 0.014 , 27.313 , 0
140.46 , 10.0 , 0.017 , 27.156 , 0
140.57 , 10.0 , 0.017 , 27.156 , 0
140.66 , 10.0 , 0.006 , 27.116 , 0
140.76 , 10.0 , 0.01 , 27.182 , 0
140.86 , 10.0 , 0.01 , 27.182 , 0
140.97 , 10.0 , 0.021 , 26.841 , 0
141.06 , 10.0 , 0.017 , 26.998 , 0
141.16 , 10.0 , 0.002 , 26.789 , 0
141.25 , 10.0 , 0.002 , 26.789 , 0
141.37 , 10.0 , 0.006 , 26.894 , 0
141.46 , 10.0 , 0.012 , 26.841 , 0
141.56 , 10.0 , 0.012 , 26.841 , 0
141.65 , 10.0 , 0.006 , 26.579 , 0
141.77 , 10.0 , 0.006 , 26.5 , 0
141.86 , 10.0 , 0.006 , 26.5 , 0
141.96 , 10.0 , 0.006 , 26.448 , 0
142.05 , 10.0 , 0.012 , 26.343 , 0
142.17 , 10.0 , -0.0 , 26.409 , 0
142.26 , 10.0 , -0.0 , 26.409 , 0
142.36 , 10.0 , 0.008 , 26.212 , 0
142.49 , 10.0 , 0.012 , 26.199 , 0
142.58 , 10.0 , 0.012 , 26.199 , 0
142.68 , 10.0 , 0.012 , 26.12 , 0
142.77 , 10.0 , 0.019 , 26.356 , 0
142.87 , 10.0 , 0.014 , 26.107 , 0
142.97 , 10.0 , 0.014 , 26.107 , 0
143.06 , 10.0 , 0.008 , 25.858 , 0
143.16 , 10.0 , 0.008 , 25.662 , 0
143.27 , 10.0 , 0.008 , 25.662 , 0
143.36 , 10.0 , 0.012 , 25.95 , 0
143.46 , 10.0 , 0.006 , 25.583 , 0
143.56 , 10.0 , 0.006 , 25.583 , 0
143.67 , 10.0 , 0.008 , 25.557 , 0
143.76 , 10.0 , 0.017 , 25.635 , 0
143.86 , 10.0 , 0.004 , 25.347 , 0
143.96 , 10.0 , 0.004 , 25.347 , 0
144.07 , 10.0 , 0.012 , 25.373 , 0
144.16 , 10.0 , 0.004 , 25.295 , 0
144.26 , 10.0 , 0.004 , 25.295 , 0
144.36 , 10.0 , 0.017 , 25.334 , 0
144.47 , 10.0 , 0.004 , 25.085 , 0
144.56 , 10.0 , 0.004 , 25.085 , 0
144.66 , 10.0 , 0.012 , 24.967 , 0
144.76 , 10.0 , 0.01 , 24.967 , 0
144.87 , 10.0 , 0.006 , 24.98 , 0
144.96 , 10.0 , 0.006 , 24.98 , 0
145.06 , 10.0 , 0.012 , 24.888 , 0
145.15 , 10.0 , 0.002 , 24.744 , 0
145.27 , 10.0 , 0.002 , 24.744 , 0
145.36 , 10.0 , -0.005 , 24.705 , 0
145.46 , 10.0 , 0.014 , 24.639 , 0
145.55 , 10.0 , 0.008 , 24.784 , 0
145.67 , 10.0 , 0.008 , 24.784 , 0
145.76 , 10.0 , 0.008 , 24.521 , 0
145.86 , 10.0 , -0.0 , 24.403 , 0
145.95 , 10.0 , -0.0 , 24.403 , 0
146.07 , 10.0 , 0.006 , 24.351 , 0
146.16 , 10.0 , 0.012 , 24.338 , 0
146.26 , 10.0 , 0.006 , 24.299 , 0
146.35 , 10.0 , 0.006 , 24.299 , 0
146.47 , 10.0 , 0.008 , 24.089 , 0
146.56 , 10.0 , 0.021 , 24.207 , 0
146.66 , 10.0 , 0.021 , 24.207 , 0
146.77 , 9.996 , -0.005 , 24.128 , 0
146.87 , 9.95 , 0.006 , 23.919 , 0
146.96 , 9.895 , 0.006 , 23.919 , 0
147.06 , 9.839 , -0.003 , 23.945 , 0
147.17 , 9.783 , 0.01 , 23.709 , 0
147.27 , 9.728 , 0.01 , 23.709 , 0
147.36 , 9.672 , 0.01 , 23.709 , 0
147.46 , 9.617 , 0.002 , 23.499 , 0
147.57 , 9.561 , 0.002 , 23.512 , 0
147.66 , 9.505 , 0.002 , 23.512 , 0
147.76 , 9.45 , 0.014 , 23.368 , 0
147.86 , 9.395 , 0.004 , 23.355 , 0
147.97 , 9.338 , 0.006 , 23.381 , 0
148.06 , 9.283 , 0.006 , 23.381 , 0
148.16 , 9.228 , 0.014 , 22.988 , 0
148.26 , 9.172 , 0.01 , 22.791 , 0
148.37 , 9.117 , 0.01 , 22.791 , 0
148.46 , 9.061 , 0.01 , 22.962 , 0
148.56 , 9.005 , 0.014 , 22.49 , 0
148.66 , 8.95 , 0.012 , 22.438 , 0
148.77 , 8.894 , 0.012 , 22.438 , 0
148.86 , 8.839 , 0.008 , 22.346 , 0
148.96 , 8.783 , -0.003 , 22.451 , 0
149.06 , 8.727 , -0.003 , 22.451 , 0
149.17 , 8.672 , 0.008 , 22.372 , 0
149.26 , 8.616 , 0.012 , 22.306 , 0
149.36 , 8.561 , 0.012 , 22.306 , 0
149.46 , 8.505 , 0.017 , 22.28 , 0
149.57 , 8.45 , -0.003 , 22.254 , 0
149.66 , 8.394 , 0.01 , 22.149 , 0
149.76 , 8.339 , 0.01 , 22.149 , 0
149.85 , 8.283 , 0.006 , 22.241 , 0
149.97 , 8.228 , 0.004 , 21.966 , 0
150.06 , 8.169 , 0.004 , 21.966 , 0
150.16 , 8.117 , 0.01 , 22.097 , 0
150.25 , 8.061 , 0.004 , 22.018 , 0
150.37 , 8.005 , 0.004 , 22.018 , 0
150.46 , 7.95 , 0.004 , 21.926 , 0
150.56 , 7.894 , 0.01 , 21.953 , 0
150.65 , 7.839 , 0.014 , 22.018 , 0
150.77 , 7.784 , 0.014 , 22.018 , 0
150.86 , 7.727 , 0.008 , 21.926 , 0
150.96 , 7.672 , 0.006 , 22.057 , 0
151.05 , 7.617 , 0.006 , 22.057 , 0
151.17 , 7.561 , 0.002 , 21.835 , 0
151.26 , 7.506 , 0.01 , 21.664 , 0
151.36 , 7.45 , 0.014 , 21.795 , 0
151.47 , 7.395 , 0.014 , 21.795 , 0
151.56 , 7.339 , -0.007 , 21.861 , 0
151.66 , 7.283 , -0.0 , 21.677 , 0
151.76 , 7.227 , -0.0 , 21.677 , 0
151.87 , 7.172 , 0.017 , 21.795 , 0
151.96 , 7.113 , 0.014 , 21.638 , 0
152.06 , 7.061 , 0.014 , 21.638 , 0
152.16 , 7.005 , 0.014 , 21.638 , 0
152.27 , 6.95 , 0.008 , 21.677 , 0
152.36 , 6.894 , 0.006 , 21.664 , 0
152.46 , 6.839 , 0.006 , 21.664 , 0
152.56 , 6.783 , 0.012 , 21.559 , 0
152.67 , 6.727 , -0.0 , 21.559 , 0
152.76 , 6.672 , 0.004 , 21.428 , 0
152.86 , 6.616 , 0.004 , 21.428 , 0
152.96 , 6.561 , 0.017 , 21.586 , 0
153.07 , 6.506 , 0.012 , 21.546 , 0
153.16 , 6.45 , 0.012 , 21.546 , 0
153.26 , 6.394 , 0.008 , 21.441 , 0
153.36 , 6.339 , 0.01 , 21.402 , 0
153.47 , 6.283 , 0.01 , 21.402 , 0
153.56 , 6.228 , 0.012 , 21.494 , 0
153.66 , 6.172 , 0.014 , 21.651 , 0
153.75 , 6.116 , 0.014 , 21.402 , 0
153.87 , 6.061 , 0.014 , 21.402 , 0
153.96 , 6.005 , 0.004 , 21.586 , 0
154.06 , 5.95 , 0.014 , 21.455 , 0
154.15 , 5.895 , 0.014 , 21.455 , 0
154.27 , 5.839 , 0.014 , 21.245 , 0
154.36 , 5.783 , 0.014 , 21.402 , 0
154.46 , 5.728 , 0.008 , 21.245 , 0
154.55 , 5.672 , 0.008 , 21.245 , 0
154.67 , 5.616 , 0.01 , 21.363 , 0
154.79 , 5.539 , 0.008 , 21.389 , 0
154.89 , 5.492 , 0.008 , 21.389 , 0
154.99 , 5.439 , 0.004 , 21.441 , 0
155.08 , 5.384 , 0.008 , 21.468 , 0
155.18 , 5.33 , 0.014 , 21.232 , 0
155.27 , 5.279 , 0.014 , 21.232 , 0
155.37 , 5.224 , 0.004 , 21.35 , 0
155.46 , 5.168 , 0.004 , 21.245 , 0
155.56 , 5.117 , 0.004 , 21.245 , 0
155.66 , 5.061 , 0.01 , 21.232 , 0
155.77 , 5.005 , 0.017 , 21.179 , 0
155.86 , 4.95 , 0.017 , 21.179 , 0
155.96 , 4.894 , 0.014 , 21.297 , 0
156.06 , 4.839 , 0.01 , 21.245 , 0
156.17 , 4.783 , 0.008 , 21.153 , 0
156.26 , 4.727 , 0.008 , 21.153 , 0
156.36 , 4.672 , 0.006 , 21.101 , 0
156.46 , 4.616 , 0.01 , 21.219 , 0
156.57 , 4.561 , 0.01 , 21.219 , 0
156.68 , 4.495 , 0.014 , 21.206 , 0
156.78 , 4.441 , 0.01 , 21.402 , 0
156.87 , 4.388 , 0.01 , 21.402 , 0
156.98 , 4.33 , 0.008 , 21.245 , 0
157.08 , 4.275 , -0.0 , 21.179 , 0
157.18 , 4.218 , 0.006 , 21.192 , 0
157.27 , 4.168 , 0.006 , 21.192 , 0
157.37 , 4.114 , 0.021 , 21.192 , 0
157.46 , 4.06 , 0.006 , 21.192 , 0
157.56 , 4.006 , 0.006 , 21.192 , 0
157.66 , 3.95 , 0.014 , 21.114 , 0
157.77 , 3.894 , 0.017 , 21.206 , 0
157.86 , 3.838 , 0.012 , 21.114 , 0
157.96 , 3.782 , 0.012 , 21.114 , 0
158.05 , 3.728 , 0.019 , 21.048 , 0
158.17 , 3.672 , 0.014 , 21.114 , 0
158.26 , 3.616 , 0.014 , 21.114 , 0
158.36 , 3.561 , 0.012 , 21.14 , 0
158.45 , 3.506 , -0.005 , 21.088 , 0
158.57 , 3.45 , 0.019 , 21.14 , 0
158.66 , 3.395 , 0.019 , 21.14 , 0
158.76 , 3.339 , 0.01 , 21.114 , 0
158.85 , 3.283 , 0.01 , 21.153 , 0
158.97 , 3.228 , 0.01 , 21.153 , 0
159.06 , 3.168 , 0.008 , 20.943 , 0
159.16 , 3.117 , 0.012 , 21.127 , 0
159.25 , 3.061 , 0.012 , 21.127 , 0
159.37 , 3.006 , 0.002 , 21.101 , 0
159.46 , 2.95 , 0.006 , 21.088 , 0
159.56 , 2.894 , 0.004 , 20.839 , 0
159.67 , 2.839 , 0.004 , 20.839 , 0
159.77 , 2.78 , 0.017 , 21.048 , 0
159.86 , 2.728 , 0.012 , 20.773 , 0
159.96 , 2.672 , 0.012 , 20.773 , 0
160.07 , 2.617 , 0.004 , 20.943 , 0
160.16 , 2.56 , 0.008 , 20.996 , 0
160.26 , 2.506 , 0.008 , 20.996 , 0
160.36 , 2.45 , -0.0 , 20.839 , 0
160.47 , 2.395 , 0.012 , 21.048 , 0
160.56 , 2.337 , 0.01 , 20.983 , 0
160.66 , 2.283 , 0.01 , 20.983 , 0
160.76 , 2.228 , 0.021 , 21.101 , 0
160.87 , 2.172 , 0.006 , 20.839 , 0
160.96 , 2.116 , 0.006 , 20.839 , 0
161.08 , 2.057 , 0.002 , 20.97 , 0
161.17 , 2.0 , 0.01 , 20.812 , 0
161.27 , 1.947 , -0.007 , 20.891 , 0
161.4 , 1.875 , -0.007 , 20.891 , 0
161.49 , 1.823 , 0.019 , 20.93 , 0
161.59 , 1.77 , 0.012 , 20.839 , 0
161.68 , 1.716 , 0.01 , 20.694 , 0
161.78 , 1.664 , 0.01 , 20.694 , 0
161.88 , 1.608 , 0.006 , 20.826 , 0
161.97 , 1.556 , 0.017 , 20.904 , 0
162.07 , 1.503 , 0.017 , 20.904 , 0
162.16 , 1.45 , -0.005 , 20.721 , 0
162.26 , 1.394 , 0.004 , 20.852 , 0
162.35 , 1.339 , 0.004 , 20.852 , 0
162.47 , 1.283 , 0.012 , 20.721 , 0
162.56 , 1.227 , 0.002 , 20.694 , 0
162.67 , 1.169 , 0.002 , 20.694 , 0
162.77 , 1.113 , 0.014 , 20.904 , 0
162.87 , 1.059 , 0.002 , 20.616 , 0
162.96 , 1.005 , 0.012 , 20.642 , 0
163.06 , 0.95 , 0.012 , 20.642 , 0
163.15 , 0.894 , 0.008 , 20.629 , 0
163.27 , 0.839 , 0.006 , 20.681 , 0
163.36 , 0.78 , 0.006 , 20.681 , 0
163.46 , 0.728 , 0.012 , 20.681 , 0
163.57 , 0.672 , 0.023 , 20.747 , 0
163.67 , 0.615 , 0.002 , 20.511 , 0
163.76 , 0.561 , 0.002 , 20.511 , 0
163.86 , 0.505 , 0.01 , 20.629 , 0
163.97 , 0.45 , -0.0 , 20.511 , 0
164.07 , 0.392 , -0.0 , 20.511 , 0
164.16 , 0.339 , 0.017 , 20.524 , 0
164.26 , 0.284 , 0.019 , 20.485 , 0
164.37 , 0.228 , 0.006 , 20.472 , 0
164.46 , 0.171 , 0.006 , 20.472 , 0
164.56 , 0.117 , 0.012 , 20.472 , 0
164.66 , 0.061 , -0.0 , 20.314 , 0
164.77 , 0.006 , -0.0 , 20.314 , 0
164.86 , -0.0 , 0.015 , 20.341 , 0
164.96 , -0.0 , 0.004 , 20.314 , 0
165.06 , -0.0 , 0.004 , 20.314 , 0
165.17 , -0.0 , 0.017 , 20.196 , 0
165.26 , -0.0 , 0.01 , 20.314 , 0
165.36 , -0.0 , -0.0 , 20.354 , 0
165.46 , -0.0 , -0.0 , 20.354 , 0
165.57 , -0.0 , 0.021 , 19.947 , 0
165.66 , -0.0 , 0.002 , 19.934 , 0
165.76 , -0.0 , 0.002 , 19.934 , 0
165.89 , -0.0 , 0.015 , 19.882 , 0
165.98 , 0.0 , 0.008 , 19.738 , 0
166.08 , 0.0 , 0.008 , 19.764 , 0
166.16 , 0.0 , 0.008 , 19.764 , 0
166.25 , 0.0 , 0.021 , 19.895 , 0
166.37 , 0.0 , 0.006 , 19.62 , 0
166.46 , 0.0 , 0.006 , 19.62 , 0
166.56 , 0.0 , 0.015 , 19.489 , 0
166.65 , 0.0 , 0.008 , 19.213 , 0
166.77 , 0.0 , 0.008 , 19.213 , 0
166.86 , 0.0 , 0.012 , 19.462 , 0
166.96 , 0.0 , 0.006 , 19.331 , 0
167.05 , 0.0 , 0.012 , 19.423 , 0
167.17 , 0.0 , 0.012 , 19.423 , 0
167.28 , 0.0 , 0.004 , 19.004 , 0
167.37 , 0.0 , 0.01 , 18.873 , 0
167.47 , 0.0 , 0.01 , 18.873 , 0
167.57 , 0.0 , 0.004 , 18.991 , 0
167.66 , 0.0 , 0.012 , 18.833 , 0
167.76 , 0.0 , -0.0 , 18.886 , 0
167.87 , 0.0 , -0.0 , 18.886 , 0
167.97 , 0.0 , 0.015 , 18.689 , 0
168.06 , 0.0 , 0.017 , 18.715 , 0
168.16 , 0.0 , 0.017 , 18.715 , 0
168.27 , 0.0 , 0.017 , 18.702 , 0
168.36 , 0.0 , -0.009 , 18.558 , 0
168.46 , 0.0 , -0.009 , 18.558 , 0
168.56 , 0.0 , 0.002 , 18.597 , 0
168.67 , 0.0 , 0.004 , 18.414 , 0
168.76 , 0.0 , 0.012 , 18.44 , 0
168.86 , 0.0 , 0.012 , 18.44 , 0
168.96 , 0.0 , 0.006 , 18.309 , 0
169.07 , 0.0 , 0.012 , 18.231 , 0
169.16 , 0.0 , 0.012 , 18.231 , 0
169.26 , 0.0 , 0.006 , 18.139 , 0
169.36 , 0.0 , 0.008 , 18.204 , 0
169.47 , 0.0 , 0.004 , 18.008 , 0
169.6 , 0.0 , 0.004 , 18.008 , 0
169.69 , 0.0 , 0.019 , 18.008 , 0
169.79 , 0.0 , 0.004 , 17.772 , 0
169.88 , 0.0 , 0.004 , 17.772 , 0
169.98 , 0.0 , 0.006 , 17.601 , 0
170.08 , 0.0 , 0.021 , 17.536 , 0
170.19 , 0.0 , 0.006 , 17.392 , 0
170.28 , 0.0 , 0.006 , 17.392 , 0
170.38 , 0.0 , 0.023 , 17.221 , 0
170.47 , 0.0 , 0.019 , 17.221 , 0
170.57 , 0.0 , 0.019 , 17.221 , 0
170.67 , 0.0 , 0.004 , 17.221 , 0
170.76 , 0.0 , 0.012 , 17.103 , 0
170.86 , 0.0 , 0.012 , 17.103 , 0
170.95 , 0.0 , 0.012 , 16.959 , 0
171.07 , 0.0 , 0.012 , 16.828 , 0
171.16 , 0.0 , 0.012 , 16.75 , 0
171.26 , 0.0 , 0.012 , 16.75 , 0
171.35 , 0.0 , 0.017 , 16.763 , 0
171.47 , 0.0 , 0.008 , 16.828 , 0
171.56 , 0.0 , 0.008 , 16.828 , 0
171.66 , 0.0 , 0.006 , 16.501 , 0
171.77 , 0.0 , 0.01 , 16.514 , 0
171.87 , 0.0 , -0.002 , 16.461 , 0
171.96 , 0.0 , -0.002 , 16.461 , 0
172.07 , 0.0 , 0.006 , 16.369 , 0
172.17 , 0.0 , 0.012 , 16.369 , 0
172.28 , 0.0 , 0.012 , 16.369 , 0
172.38 , 0.0 , 0.017 , 16.173 , 0
172.47 , 0.0 , 0.01 , 16.251 , 0
172.57 , 0.0 , 0.01 , 16.251 , 0
172.66 , 0.0 , 0.006 , 16.383 , 0
172.76 , 0.0 , 0.006 , 16.081 , 0
172.87 , 0.002 , 0.021 , 16.068 , 0
172.97 , 0.056 , 0.021 , 16.068 , 0
173.06 , 0.109 , 0.01 , 15.963 , 0
173.16 , 0.163 , -0.0 , 16.002 , 0
173.26 , 0.219 , -0.0 , 16.002 , 0
173.37 , 0.274 , 0.012 , 15.937 , 0
173.46 , 0.332 , 0.006 , 15.819 , 0
173.56 , 0.385 , 0.015 , 15.819 , 0
173.66 , 0.441 , 0.015 , 15.819 , 0
173.77 , 0.496 , -0.002 , 15.596 , 0
173.86 , 0.554 , 0.017 , 15.544 , 0
173.96 , 0.608 , 0.017 , 15.544 , 0
174.07 , 0.665 , 0.004 , 15.282 , 0
174.18 , 0.728 , 0.006 , 15.151 , 0
174.28 , 0.785 , -0.0 , 15.137 , 0
174.38 , 0.838 , -0.0 , 15.137 , 0
174.47 , 0.893 , 0.01 , 15.19 , 0
174.57 , 0.944 , 0.015 , 15.033 , 0
174.66 , 0.997 , 0.015 , 15.033 , 0
174.76 , 1.052 , 0.004 , 14.875 , 0
174.85 , 1.108 , 0.01 , 14.705 , 0
174.97 , 1.163 , 0.01 , 14.705 , 0
175.06 , 1.22 , 0.01 , 14.744 , 0
175.16 , 1.274 , 0.015 , 14.299 , 0
175.25 , 1.33 , 0.01 , 14.43 , 0
175.37 , 1.385 , 0.01 , 14.43 , 0
175.46 , 1.441 , 0.004 , 14.246 , 0
175.56 , 1.497 , 0.015 , 14.233 , 0
175.65 , 1.552 , 0.015 , 14.233 , 0
175.77 , 1.608 , 0.015 , 13.958 , 0
175.86 , 1.664 , 0.015 , 13.827 , 0
175.96 , 1.719 , -0.002 , 13.892 , 0
176.07 , 1.774 , -0.002 , 13.892 , 0
176.17 , 1.834 , 0.01 , 13.735 , 0
176.26 , 1.888 , 0.01 , 13.748 , 0
176.37 , 1.943 , 0.01 , 13.748 , 0
176.47 , 1.998 , -0.0 , 13.473 , 0
176.56 , 2.0 , 0.004 , 13.499 , 0
176.66 , 2.0 , 0.004 , 13.499 , 0
176.79 , 2.0 , 0.012 , 13.486 , 0
176.9 , 2.0 , 0.008 , 13.447 , 0
177.0 , 2.0 , 0.012 , 13.394 , 0
177.09 , 2.0 , 0.012 , 13.394 , 0
177.19 , 2.0 , 0.012 , 13.381 , 0
177.28 , 2.0 , 0.019 , 13.447 , 0
177.38 , 2.0 , 0.019 , 13.447 , 0
177.48 , 2.0 , 0.015 , 13.185 , 0
177.57 , 2.0 , 0.019 , 13.145 , 0
177.67 , 2.0 , 0.01 , 13.067 , 0
177.76 , 2.0 , 0.01 , 13.067 , 0
177.86 , 2.0 , 0.015 , 13.185 , 0
177.96 , 2.0 , 0.006 , 12.818 , 0
178.07 , 2.0 , 0.006 , 12.818 , 0
178.16 , 2.0 , 0.019 , 12.896 , 0
178.26 , 2.0 , 0.004 , 12.857 , 0
178.36 , 2.0 , 0.008 , 13.027 , 0
178.47 , 2.0 , 0.008 , 13.027 , 0
178.56 , 2.0 , 0.017 , 12.909 , 0
178.66 , 2.0 , 0.008 , 12.857 , 0
178.75 , 2.0 , 0.008 , 12.857 , 0
178.87 , 2.0 , 0.002 , 12.634 , 0
178.96 , 2.0 , 0.015 , 12.66 , 0
179.06 , 2.0 , 0.015 , 12.66 , 0
179.15 , 2.0 , 0.01 , 12.883 , 0
179.27 , 2.0 , 0.008 , 12.608 , 0
179.36 , 2.0 , 0.002 , 12.713 , 0
179.46 , 2.0 , 0.002 , 12.713 , 0
179.55 , 2.0 , 0.006 , 12.634 , 0
179.67 , 2.0 , 0.01 , 12.385 , 0
179.76 , 2.0 , 0.01 , 12.385 , 0
179.86 , 2.0 , 0.019 , 12.818 , 0
179.95 , 2.0 , 0.021 , 12.556 , 0
180.07 , 2.0 , 0.004 , 12.529 , 0
180.16 , 2.0 , 0.004 , 12.529 , 0
180.26 , 2.0 , 0.008 , 12.425 , 0
180.35 , 2.0 , 0.01 , 12.529 , 0
180.47 , 2.0 , 0.01 , 12.529 , 0
180.56 , 2.0 , 0.006 , 12.477 , 0
180.69 , 2.0 , 0.006 , 12.451 , 0
180.8 , 2.0 , 0.002 , 12.477 , 0
180.9 , 2.0 , 0.002 , 12.477 , 0
180.99 , 2.0 , 0.004 , 12.49 , 0
181.09 , 2.0 , 0.002 , 12.438 , 0
181.18 , 2.0 , 0.002 , 12.438 , 0
181.28 , 2.0 , 0.021 , 12.333 , 0
181.38 , 2.0 , 0.004 , 12.503 , 0
181.49 , 2.0 , 0.013 , 12.202 , 0
181.58 , 2.0 , 0.013 , 12.202 , 0
181.68 , 2.0 , 0.013 , 12.215 , 0
181.78 , 2.0 , 0.006 , 12.005 , 0
181.87 , 2.0 , 0.006 , 12.005 , 0
181.97 , 2.0 , 0.01 , 12.044 , 0
182.06 , 2.0 , 0.015 , 12.162 , 0
182.16 , 2.0 , 0.015 , 12.162 , 0
182.27 , 2.0 , 0.008 , 11.743 , 0
182.37 , 2.0 , 0.017 , 11.992 , 0
182.48 , 2.0 , 0.017 , 11.992 , 0
182.57 , 2.0 , -0.002 , 11.913 , 0
182.69 , 2.0 , 0.015 , 11.795 , 0
182.8 , 2.0 , 0.023 , 11.979 , 0
182.89 , 2.0 , 0.023 , 11.979 , 0
183.01 , 2.0 , 0.013 , 11.927 , 0
183.1 , 2.0 , 0.01 , 11.677 , 0
183.2 , 2.0 , 0.006 , 11.704 , 0
183.29 , 2.0 , 0.006 , 11.704 , 0
183.39 , 2.0 , 0.019 , 11.599 , 0
183.49 , 2.0 , 0.002 , 11.638 , 0
183.58 , 2.0 , 0.002 , 11.638 , 0
183.68 , 2.0 , 0.013 , 11.442 , 0
183.77 , 2.0 , 0.006 , 11.56 , 0
183.87 , 2.0 , 0.006 , 11.56 , 0
183.97 , 2.0 , 0.004 , 11.455 , 0
184.06 , 2.0 , 0.006 , 11.651 , 0
184.16 , 2.0 , 0.01 , 11.481 , 0
184.29 , 2.0 , 0.01 , 11.481 , 0
184.38 , 2.0 , -0.0 , 11.415 , 0
184.48 , 2.0 , -0.0 , 11.494 , 0
184.57 , 2.0 , -0.0 , 11.494 , 0
184.67 , 2.0 , 0.004 , 11.35 , 0
184.76 , 2.0 , 0.017 , 11.206 , 0
184.86 , 2.0 , 0.017 , 11.206 , 0
184.97 , 2.0 , 0.019 , 11.035 , 0
185.08 , 2.0 , 0.002 , 11.271 , 0
185.18 , 2.0 , 0.006 , 11.206 , 0
185.29 , 2.0 , 0.006 , 11.206 , 0
185.4 , 2.0 , 0.017 , 11.193 , 0
185.52 , 2.0 , 0.006 , 11.062 , 0
185.61 , 2.0 , 0.01 , 10.983 , 0
185.71 , 2.0 , 0.01 , 10.983 , 0
185.8 , 2.0 , 0.01 , 11.206 , 0
185.9 , 2.0 , 0.006 , 10.97 , 0
186.0 , 2.0 , 0.006 , 10.97 , 0
186.09 , 2.0 , 0.004 , 11.075 , 0
186.2 , 2.0 , 0.015 , 10.996 , 0
186.3 , 2.0 , 0.015 , 11.075 , 0
186.4 , 2.0 , 0.015 , 11.075 , 0
186.49 , 2.0 , 0.023 , 10.983 , 0
186.59 , 2.0 , 0.002 , 10.891 , 0
186.7 , 2.0 , 0.002 , 10.891 , 0
186.79 , 2.0 , 0.015 , 10.747 , 0
186.89 , 2.0 , 0.015 , 10.97 , 0
186.99 , 2.0 , 0.015 , 10.97 , 0
187.08 , 2.0 , 0.015 , 10.799 , 0
187.18 , 2.0 , 0.01 , 10.904 , 0
187.27 , 2.0 , 0.01 , 10.904 , 0
187.37 , 2.0 , -0.004 , 10.721 , 0
187.47 , 2.0 , 0.019 , 10.76 , 0
187.56 , 2.0 , 0.01 , 10.747 , 0
187.66 , 2.0 , 0.01 , 10.747 , 0
187.75 , 2.0 , 0.015 , 10.55 , 0
187.9 , 2.0 , 0.002 , 10.773 , 0
187.99 , 2.0 , 0.01 , 10.577 , 0
188.09 , 2.0 , 0.01 , 10.577 , 0
188.19 , 2.0 , 0.004 , 10.642 , 0
188.28 , 2.0 , 0.017 , 10.354 , 0
188.38 , 2.0 , 0.017 , 10.354 , 0
188.49 , 2.0 , 0.025 , 10.498 , 0
188.6 , 2.0 , 0.019 , 10.524 , 0
188.71 , 2.0 , 0.01 , 10.432 , 0
188.81 , 2.0 , 0.01 , 10.432 , 0
188.92 , 2.0 , 0.021 , 10.498 , 0
189.02 , 2.0 , 0.019 , 10.328 , 0
189.11 , 2.0 , 0.019 , 10.328 , 0
189.21 , 2.0 , 0.008 , 10.367 , 0
189.32 , 2.0 , 0.004 , 10.262 , 0
189.42 , 2.0 , 0.01 , 10.38 , 0
189.53 , 2.0 , 0.01 , 10.38 , 0
189.62 , 2.0 , 0.015 , 10.38 , 0
189.72 , 2.0 , 0.004 , 10.249 , 0
189.82 , 2.0 , 0.004 , 10.249 , 0
189.93 , 2.0 , 0.006 , 10.288 , 0
190.04 , 2.0 , 0.01 , 10.118 , 0
190.14 , 2.0 , 0.006 , 10.262 , 0
190.23 , 2.0 , 0.006 , 10.262 , 0
190.33 , 2.0 , 0.002 , 10.065 , 0
190.42 , 2.0 , 0.01 , 10.039 , 0
190.52 , 2.0 , 0.01 , 10.039 , 0
190.62 , 2.0 , 0.008 , 10.183 , 0
190.71 , 2.0 , 0.015 , 10.131 , 0
190.81 , 2.0 , 0.015 , 10.131 , 0
190.9 , 2.0 , 0.01 , 10.092 , 0
191.0 , 2.0 , 0.004 , 9.921 , 0
191.09 , 2.0 , 0.004 , 9.921 , 0
191.19 , 2.0 , 0.013 , 9.895 , 0
191.29 , 2.0 , 0.01 , 9.974 , 0
191.38 , 2.0 , 0.006 , 9.816 , 0
191.48 , 2.0 , 0.006 , 9.816 , 0
191.61 , 2.0 , 0.008 , 9.843 , 0
191.7 , 2.0 , 0.019 , 9.712 , 0
191.8 , 2.0 , 0.019 , 9.712 , 0
191.89 , 2.0 , 0.008 , 9.685 , 0
192.01 , 2.0 , 0.017 , 9.554 , 0
192.1 , 2.0 , 0.002 , 9.581 , 0
192.2 , 2.0 , 0.002 , 9.581 , 0
192.29 , 2.0 , 0.006 , 9.738 , 0
192.39 , 2.0 , 0.019 , 9.607 , 0
192.49 , 2.0 , 0.019 , 9.607 , 0
192.58 , 2.0 , 0.017 , 9.594 , 0
192.68 , 2.0 , 0.006 , 9.528 , 0
192.77 , 2.0 , 0.006 , 9.528 , 0
192.87 , 2.0 , 0.006 , 9.502 , 0
192.96 , 2.0 , 0.017 , 9.62 , 0
193.06 , 2.0 , 0.017 , 9.62 , 0
193.16 , 2.0 , 0.013 , 9.489 , 0
193.27 , 2.0 , 0.006 , 9.554 , 0
193.36 , 2.0 , 0.008 , 9.423 , 0
193.46 , 2.0 , 0.008 , 9.423 , 0
193.56 , 2.0 , 0.002 , 9.502 , 0
193.67 , 2.0 , 0.01 , 9.371 , 0
193.78 , 2.0 , 0.01 , 9.371 , 0
193.88 , 2.0 , 0.013 , 9.41 , 0
193.99 , 2.0 , 0.006 , 9.371 , 0
194.08 , 2.0 , 0.008 , 9.384 , 0
194.18 , 2.0 , 0.008 , 9.384 , 0
194.28 , 2.0 , 0.006 , 9.371 , 0
194.37 , 2.0 , 0.006 , 9.24 , 0
194.47 , 2.0 , 0.006 , 9.24 , 0
194.56 , 2.0 , 0.008 , 9.345 , 0
194.66 , 2.0 , 0.023 , 9.082 , 0
194.76 , 2.0 , 0.023 , 9.082 , 0
194.88 , 2.0 , -0.002 , 9.069 , 0
194.98 , 2.0 , -0.0 , 9.253 , 0
195.07 , 2.0 , 0.013 , 8.978 , 0
195.17 , 2.0 , 0.013 , 8.978 , 0
195.27 , 2.0 , 0.006 , 9.2 , 0
195.38 , 2.0 , 0.002 , 9.266 , 0
195.47 , 2.0 , 0.002 , 9.266 , 0
195.57 , 2.0 , 0.019 , 9.305 , 0
195.67 , 2.0 , 0.008 , 9.082 , 0
195.76 , 2.0 , 0.008 , 9.082 , 0
195.86 , 2.0 , 0.01 , 8.925 , 0
195.95 , 2.0 , 0.017 , 9.004 , 0
196.07 , 2.0 , 0.006 , 9.122 , 0
196.18 , 2.0 , 0.006 , 9.122 , 0
196.27 , 2.0 , 0.008 , 8.938 , 0
196.37 , 2.0 , 0.006 , 8.925 , 0
196.47 , 2.0 , 0.006 , 8.925 , 0
196.56 , 2.0 , 0.008 , 8.689 , 0
196.67 , 2.0 , 0.008 , 8.768 , 0
196.77 , 2.0 , 0.017 , 8.886 , 0
196.88 , 2.0 , 0.017 , 8.886 , 0
196.98 , 2.0 , 0.015 , 8.768 , 0
197.09 , 2.0 , 0.019 , 8.886 , 0
197.2 , 2.0 , 0.01 , 8.86 , 0
197.3 , 2.0 , 0.01 , 8.86 , 0
197.39 , 2.0 , 0.01 , 8.807 , 0
197.5 , 2.0 , 0.017 , 8.951 , 0
197.62 , 2.0 , 0.013 , 8.847 , 0
197.71 , 2.0 , 0.013 , 8.847 , 0
197.81 , 2.0 , 0.008 , 8.781 , 0
197.9 , 2.0 , 0.01 , 8.558 , 0
198.0 , 2.0 , 0.01 , 8.558 , 0
198.1 , 2.0 , 0.015 , 8.584 , 0
198.19 , 2.0 , 0.006 , 8.676 , 0
198.29 , 2.0 , 0.006 , 8.676 , 0
198.4 , 2.0 , 0.004 , 8.676 , 0
198.5 , 2.0 , 0.017 , 8.742 , 0
198.64 , 2.0 , 0.015 , 8.558 , 0
198.75 , 2.0 , 0.004 , 8.519 , 0
198.86 , 2.0 , 0.004 , 8.519 , 0
198.96 , 2.0 , 0.01 , 8.44 , 0
199.07 , 2.0 , 0.01 , 8.532 , 0
199.18 , 2.0 , 0.008 , 8.624 , 0
199.29 , 2.0 , 0.008 , 8.624 , 0
199.39 , 2.0 , -0.002 , 8.401 , 0
199.49 , 2.0 , 0.015 , 8.65 , 0
199.6 , 2.0 , 0.008 , 8.532 , 0
199.69 , 2.0 , 0.008 , 8.532 , 0
199.79 , 2.0 , 0.017 , 8.493 , 0
199.9 , 2.0 , 0.008 , 8.401 , 0
200.0 , 2.0 , 0.008 , 8.401 , 0
200.09 , 2.0 , 0.01 , 8.427 , 0
200.21 , 2.0 , 0.008 , 8.257 , 0
200.3 , 2.0 , 0.013 , 8.152 , 0
200.4 , 2.0 , 0.013 , 8.152 , 0
200.49 , 2.0 , 0.004 , 8.126 , 0
200.61 , 2.0 , 0.01 , 7.903 , 0
200.72 , 2.0 , 0.01 , 7.903 , 0
200.81 , 2.0 , 0.015 , 7.929 , 0
200.91 , 2.0 , 0.017 , 8.113 , 0
201.01 , 2.0 , 0.025 , 7.955 , 0
201.12 , 2.0 , 0.025 , 7.955 , 0
201.21 , 2.0 , 0.015 , 7.955 , 0
201.32 , 2.0 , 0.015 , 8.047 , 0
201.44 , 2.0 , 0.015 , 8.047 , 0
201.53 , 2.0 , 0.013 , 8.178 , 0
201.63 , 2.0 , 0.01 , 7.864 , 0
201.72 , 2.0 , 0.002 , 8.008 , 0
201.84 , 2.0 , 0.002 , 8.008 , 0
201.93 , 2.0 , 0.013 , 8.1 , 0
202.08 , 2.0 , 0.006 , 8.06 , 0
202.19 , 2.0 , 0.008 , 7.942 , 0
202.3 , 2.0 , 0.015 , 8.113 , 0
202.4 , 2.0 , 0.015 , 8.113 , 0
202.49 , 2.0 , 0.025 , 7.982 , 0
202.59 , 2.0 , 0.008 , 8.034 , 0
202.68 , 2.0 , 0.008 , 8.034 , 0
202.78 , 2.0 , 0.006 , 7.864 , 0
202.89 , 2.0 , 0.01 , 7.916 , 0
203.0 , 2.0 , 0.004 , 7.903 , 0
203.12 , 2.0 , 0.004 , 7.903 , 0
203.21 , 2.0 , 0.008 , 8.086 , 0
203.32 , 2.0 , -0.002 , 7.929 , 0
203.44 , 2.0 , 0.015 , 7.955 , 0
203.55 , 2.0 , 0.015 , 7.955 , 0
203.66 , 2.0 , 0.006 , 8.086 , 0
203.77 , 2.0 , 0.004 , 7.982 , 0
203.88 , 2.0 , 0.01 , 7.995 , 0
203.99 , 2.0 , 0.006 , 7.851 , 0
204.11 , 2.0 , 0.006 , 7.851 , 0
204.2 , 2.0 , 0.013 , 7.929 , 0
204.3 , 2.0 , 0.008 , 7.746 , 0
204.41 , 2.0 , 0.017 , 7.733 , 0
204.52 , 2.0 , 0.017 , 7.733 , 0
204.62 , 2.0 , 0.006 , 7.824 , 0
204.73 , 2.0 , 0.01 , 7.942 , 0
204.84 , 2.0 , 0.01 , 7.824 , 0
204.94 , 2.0 , 0.01 , 7.824 , 0
205.03 , 2.0 , 0.01 , 7.667 , 0
205.13 , 2.0 , -0.0 , 7.602 , 0
205.23 , 2.0 , -0.0 , 7.602 , 0
205.32 , 2.0 , 0.01 , 7.549 , 0
205.42 , 2.0 , 0.017 , 7.68 , 0
205.51 , 2.0 , 0.017 , 7.68 , 0
205.62 , 2.0 , 0.025 , 7.641 , 0
205.74 , 2.0 , 0.006 , 7.785 , 0
205.83 , 2.0 , 0.008 , 7.693 , 0
205.98 , 2.0 , 0.006 , 7.615 , 0
206.09 , 2.0 , 0.006 , 7.615 , 0
206.18 , 2.0 , 0.004 , 7.667 , 0
206.3 , 2.0 , 0.008 , 7.851 , 0
206.41 , 2.0 , 0.013 , 7.562 , 0
206.52 , 2.0 , 0.013 , 7.562 , 0
206.63 , 2.0 , 0.013 , 7.628 , 0
206.74 , 2.0 , 0.019 , 7.588 , 0
206.86 , 2.0 , 0.006 , 7.68 , 0
206.97 , 2.0 , 0.013 , 7.405 , 0
207.08 , 2.0 , 0.013 , 7.405 , 0
207.18 , 2.0 , 0.008 , 7.444 , 0
207.29 , 2.0 , 0.008 , 7.274 , 0
207.4 , 2.0 , 0.01 , 7.248 , 0
207.51 , 2.0 , 0.01 , 7.248 , 0
207.62 , 2.0 , 0.013 , 7.405 , 0
207.73 , 2.0 , 0.019 , 7.221 , 0
207.85 , 2.0 , -0.0 , 7.103 , 0
207.96 , 2.0 , 0.015 , 7.287 , 0
208.07 , 2.0 , 0.015 , 7.287 , 0
208.18 , 2.0 , -0.0 , 7.248 , 0
208.29 , 2.0 , 0.017 , 7.182 , 0
208.41 , 2.0 , 0.019 , 7.379 , 0
208.52 , 2.0 , 0.004 , 7.09 , 0
208.61 , 2.0 , 0.004 , 7.09 , 0
208.73 , 2.0 , 0.004 , 7.3 , 0
208.82 , 2.0 , 0.01 , 7.221 , 0
208.93 , 2.0 , 0.002 , 7.169 , 0
209.05 , 2.0 , 0.002 , 7.169 , 0
209.14 , 2.0 , 0.01 , 7.195 , 0
209.28 , 2.0 , 0.013 , 7.051 , 0
209.38 , 2.0 , 0.004 , 7.169 , 0
209.49 , 2.0 , 0.004 , 7.169 , 0
209.59 , 2.0 , 0.015 , 6.933 , 0
209.7 , 2.0 , 0.017 , 7.117 , 0
209.81 , 2.0 , 0.01 , 7.025 , 0
209.92 , 2.0 , 0.021 , 6.959 , 0
210.04 , 2.0 , 0.021 , 6.959 , 0
210.13 , 2.0 , 0.01 , 7.012 , 0
210.24 , 2.0 , 0.021 , 7.064 , 0
210.34 , 2.0 , 0.004 , 6.959 , 0
210.44 , 2.0 , 0.004 , 6.959 , 0
210.53 , 2.0 , 0.008 , 6.881 , 0
210.64 , 2.0 , 0.01 , 7.208 , 0
210.74 , 2.0 , 0.01 , 7.208 , 0
210.84 , 2.0 , 0.01 , 6.789 , 0
210.95 , 2.0 , 0.004 , 6.92 , 0
211.06 , 2.0 , 0.015 , 6.697 , 0
211.17 , 2.0 , 0.015 , 6.697 , 0
211.28 , 2.0 , 0.015 , 7.025 , 0
211.4 , 2.0 , 0.021 , 6.854 , 0
211.51 , 2.0 , -0.002 , 6.907 , 0
211.6 , 2.0 , 0.01 , 7.051 , 0
211.71 , 2.0 , 0.01 , 7.051 , 0
211.83 , 2.0 , 0.013 , 6.946 , 0
211.94 , 2.0 , 0.013 , 7.261 , 0
212.05 , 2.0 , 0.013 , 6.854 , 0
212.15 , 2.0 , 0.013 , 6.854 , 0
212.24 , 2.0 , 0.01 , 7.143 , 0
212.35 , 2.0 , 0.008 , 7.012 , 0
212.45 , 2.0 , 0.002 , 6.986 , 0
212.56 , 2.0 , 0.002 , 6.986 , 0
212.67 , 2.0 , 0.01 , 6.986 , 0
212.79 , 2.0 , 0.008 , 7.038 , 0
212.91 , 2.0 , 0.013 , 7.156 , 0
213.03 , 2.0 , 0.013 , 7.156 , 0
213.12 , 2.0 , 0.019 , 6.946 , 0
213.23 , 2.0 , 0.021 , 6.802 , 0
213.35 , 2.0 , 0.01 , 7.103 , 0
213.46 , 2.0 , 0.006 , 6.972 , 0
213.57 , 2.0 , 0.006 , 6.972 , 0
213.68 , 2.0 , 0.027 , 6.881 , 0
213.78 , 2.0 , 0.008 , 7.025 , 0
213.89 , 2.0 , 0.01 , 6.776 , 0
214.0 , 2.0 , 0.01 , 6.776 , 0
214.11 , 2.0 , 0.015 , 6.959 , 0
214.21 , 2.0 , 0.008 , 6.894 , 0
214.32 , 2.0 , 0.002 , 6.881 , 0
214.43 , 2.0 , 0.002 , 6.881 , 0
214.53 , 2.0 , 0.008 , 6.881 , 0
214.62 , 2.0 , 0.015 , 6.527 , 0
214.74 , 2.0 , 0.013 , 6.671 , 0
214.85 , 2.0 , 0.013 , 6.671 , 0
214.94 , 2.0 , 0.006 , 6.737 , 0
215.06 , 2.0 , 0.025 , 6.92 , 0
215.17 , 2.0 , -0.002 , 6.579 , 0
215.28 , 2.0 , -0.002 , 6.579 , 0
215.39 , 2.0 , 0.006 , 6.75 , 0
215.5 , 2.0 , -0.013 , 6.737 , 0
215.62 , 2.0 , 0.021 , 6.553 , 0
215.73 , 2.0 , 0.004 , 6.697 , 0
215.84 , 2.0 , 0.004 , 6.697 , 0
215.95 , 2.0 , 0.013 , 6.54 , 0
216.06 , 2.0 , 0.021 , 6.579 , 0
216.17 , 2.0 , 0.019 , 6.566 , 0
216.29 , 2.0 , 0.006 , 6.566 , 0
216.4 , 2.0 , 0.006 , 6.566 , 0
216.51 , 2.0 , 0.013 , 6.645 , 0
216.62 , 2.0 , 0.002 , 6.697 , 0
216.73 , 2.0 , 0.01 , 6.501 , 0
216.85 , 2.0 , 0.01 , 6.501 , 0
216.96 , 2.0 , 0.015 , 6.54 , 0
217.07 , 2.0 , 0.017 , 6.343 , 0
217.18 , 2.0 , 0.008 , 6.422 , 0
217.29 , 2.0 , 0.006 , 6.501 , 0
217.41 , 2.0 , 0.006 , 6.501 , 0
217.52 , 2.0 , 0.013 , 6.343 , 0
217.63 , 2.0 , 0.006 , 6.252 , 0
217.74 , 2.0 , 0.013 , 6.383 , 0
217.85 , 2.0 , 0.006 , 6.409 , 0
217.96 , 2.0 , 0.006 , 6.409 , 0
218.08 , 2.0 , 0.006 , 6.356 , 0
218.22 , 2.0 , 0.006 , 6.068 , 0
218.33 , 2.0 , 0.008 , 6.435 , 0
218.44 , 2.0 , 0.013 , 6.396 , 0
218.56 , 2.0 , 0.013 , 6.265 , 0
218.67 , 2.0 , 0.013 , 6.265 , 0
218.78 , 2.0 , 0.01 , 6.225 , 0
218.89 , 2.0 , 0.019 , 6.199 , 0
219.0 , 2.0 , 0.013 , 6.278 , 0
219.12 , 2.0 , 0.015 , 6.134 , 0
219.23 , 2.0 , 0.015 , 6.134 , 0
219.34 , 2.0 , 0.017 , 6.173 , 0
219.45 , 2.0 , 0.021 , 5.95 , 0
219.56 , 2.0 , -0.002 , 6.186 , 0
219.68 , 2.0 , 0.004 , 6.094 , 0
219.79 , 2.0 , 0.004 , 6.094 , 0
219.9 , 2.0 , 0.015 , 6.147 , 0
220.01 , 2.0 , 0.01 , 6.16 , 0
220.12 , 2.0 , 0.01 , 6.173 , 0
220.23 , 2.0 , 0.01 , 6.173 , 0
220.35 , 2.0 , 0.008 , 6.068 , 0
220.46 , 2.0 , 0.002 , 6.147 , 0
220.57 , 2.0 , 0.01 , 6.396 , 0
220.68 , 2.0 , 0.017 , 6.212 , 0
220.79 , 2.0 , 0.017 , 6.212 , 0
220.91 , 2.0 , -0.002 , 6.186 , 0
221.02 , 2.0 , 0.015 , 6.173 , 0
221.13 , 2.0 , 0.01 , 5.819 , 0
221.24 , 2.0 , 0.008 , 5.924 , 0
221.35 , 2.0 , 0.008 , 5.924 , 0
221.47 , 2.0 , 0.004 , 6.029 , 0
221.58 , 2.0 , 0.015 , 6.107 , 0
221.69 , 2.0 , 0.002 , 6.265 , 0
221.8 , 2.0 , 0.006 , 6.081 , 0
221.91 , 2.0 , 0.006 , 6.081 , 0
222.03 , 2.0 , 0.017 , 6.121 , 0
222.14 , 2.0 , 0.004 , 5.976 , 0
222.25 , 2.0 , 0.006 , 6.055 , 0
222.36 , 2.0 , 0.01 , 6.016 , 0
222.47 , 2.0 , 0.01 , 6.016 , 0
222.58 , 2.0 , 0.015 , 6.199 , 0
222.7 , 2.0 , 0.008 , 6.042 , 0
222.81 , 2.0 , 0.004 , 5.911 , 0
222.92 , 2.0 , 0.004 , 5.898 , 0
223.03 , 2.0 , 0.004 , 5.898 , 0
223.18 , 2.0 , 0.008 , 5.767 , 0
223.29 , 2.0 , 0.015 , 6.016 , 0
223.4 , 2.0 , 0.015 , 5.885 , 0
223.51 , 2.0 , 0.017 , 5.95 , 0
223.62 , 2.0 , 0.017 , 5.95 , 0
223.74 , 2.0 , 0.004 , 5.885 , 0
223.85 , 2.0 , 0.021 , 5.767 , 0
223.96 , 2.0 , -0.0 , 6.029 , 0
224.07 , 2.0 , 0.01 , 6.081 , 0
224.18 , 2.0 , 0.01 , 6.081 , 0
224.29 , 2.0 , 0.006 , 5.74 , 0
224.41 , 2.0 , 0.01 , 5.767 , 0
224.52 , 2.0 , -0.0 , 5.767 , 0
224.63 , 2.0 , 0.013 , 5.74 , 0
224.74 , 2.0 , 0.013 , 5.74 , 0
224.85 , 2.0 , 0.006 , 5.832 , 0
224.97 , 2.0 , 0.01 , 5.885 , 0
225.08 , 2.0 , 0.006 , 5.662 , 0
225.19 , 2.0 , 0.017 , 5.767 , 0
225.3 , 2.0 , 0.017 , 5.767 , 0
225.41 , 2.0 , 0.004 , 5.767 , 0
225.53 , 2.0 , 0.01 , 5.793 , 0
225.64 , 2.0 , 0.01 , 5.727 , 0
225.75 , 2.0 , 0.01 , 5.727 , 0
225.86 , 2.0 , 0.004 , 5.74 , 0
225.97 , 2.0 , 0.015 , 5.688 , 0
226.09 , 2.0 , 0.013 , 5.754 , 0
226.2 , 2.0 , 0.019 , 5.74 , 0
226.31 , 2.0 , 0.019 , 5.74 , 0
226.42 , 2.0 , 0.01 , 5.701 , 0
226.56 , 2.0 , 0.019 , 5.505 , 0
226.68 , 2.0 , -0.0 , 5.478 , 0
226.79 , 2.0 , 0.015 , 5.373 , 0
226.9 , 2.0 , 0.013 , 5.662 , 0
227.01 , 2.0 , 0.013 , 5.662 , 0
227.12 , 2.0 , -0.0 , 5.452 , 0
227.24 , 2.0 , 0.017 , 5.491 , 0
227.35 , 2.0 , 0.028 , 5.727 , 0
227.46 , 2.0 , 0.002 , 5.727 , 0
227.57 , 2.0 , 0.002 , 5.727 , 0
227.68 , 2.0 , 0.015 , 5.531 , 0
227.8 , 2.0 , 0.013 , 5.622 , 0
227.91 , 2.0 , 0.019 , 5.596 , 0
228.02 , 2.0 , 0.002 , 5.531 , 0
228.13 , 2.0 , 0.002 , 5.531 , 0
228.24 , 2.0 , 0.01 , 5.531 , 0
228.35 , 2.0 , 0.017 , 5.452 , 0
228.47 , 2.0 , 0.019 , 5.439 , 0
228.58 , 2.0 , 0.019 , 5.439 , 0
228.69 , 2.0 , 0.013 , 5.269 , 0
228.8 , 2.0 , 0.006 , 5.321 , 0
228.91 , 2.0 , 0.019 , 5.256 , 0
229.03 , 2.0 , 0.013 , 5.256 , 0
229.14 , 2.0 , 0.013 , 5.256 , 0
229.28 , 2.0 , 0.008 , 5.203 , 0
229.39 , 2.0 , 0.008 , 5.203 , 0
229.51 , 2.0 , 0.015 , 5.452 , 0
229.62 , 2.0 , 0.019 , 5.491 , 0
229.73 , 2.0 , 0.013 , 5.347 , 0
229.84 , 2.0 , 0.013 , 5.347 , 0
229.95 , 2.0 , 0.015 , 5.491 , 0
230.07 , 2.0 , 0.013 , 5.387 , 0
230.18 , 2.0 , -0.0 , 5.387 , 0
230.29 , 2.0 , 0.006 , 5.295 , 0
230.4 , 2.0 , 0.006 , 5.295 , 0
230.51 , 2.0 , 0.017 , 5.269 , 0
230.62 , 2.0 , 0.008 , 5.269 , 0
230.74 , 2.0 , 0.011 , 5.295 , 0
230.85 , 2.0 , 0.002 , 5.491 , 0
230.96 , 2.0 , 0.002 , 5.491 , 0
231.07 , 2.0 , 0.017 , 5.4 , 0
231.18 , 2.0 , 0.008 , 5.347 , 0
231.3 , 2.0 , 0.013 , 5.387 , 0
231.41 , 2.0 , 0.013 , 5.387 , 0
231.54 , 2.0 , 0.002 , 5.373 , 0
231.65 , 2.0 , 0.004 , 5.308 , 0
231.79 , 2.0 , 0.013 , 5.242 , 0
231.9 , 2.0 , 0.017 , 5.321 , 0
232.02 , 2.0 , 0.017 , 5.256 , 0
232.13 , 2.0 , 0.017 , 4.967 , 0
232.24 , 2.0 , 0.017 , 4.967 , 0
232.35 , 2.0 , 0.008 , 4.954 , 0
232.46 , 2.0 , 0.011 , 5.046 , 0
232.57 , 2.0 , 0.004 , 5.085 , 0
232.69 , 2.0 , -0.0 , 5.321 , 0
232.8 , 2.0 , -0.0 , 5.321 , 0
232.91 , 2.0 , 0.008 , 5.269 , 0
233.02 , 2.0 , 0.015 , 5.085 , 0
233.13 , 2.0 , 0.006 , 5.177 , 0
233.25 , 2.0 , 0.006 , 5.177 , 0
233.36 , 2.0 , 0.015 , 4.954 , 0
233.47 , 2.0 , 0.008 , 5.138 , 0
233.58 , 2.0 , -0.0 , 4.875 , 0
233.69 , 2.0 , 0.023 , 5.02 , 0
233.81 , 2.0 , 0.023 , 5.02 , 0
233.92 , 2.0 , 0.021 , 4.967 , 0
234.03 , 2.0 , 0.023 , 4.784 , 0
234.14 , 2.0 , 0.006 , 5.085 , 0
234.25 , 2.0 , 0.015 , 4.967 , 0
234.41 , 2.0 , 0.019 , 4.862 , 0
234.52 , 2.0 , 0.015 , 4.941 , 0
234.65 , 2.0 , 0.015 , 4.941 , 0
234.76 , 2.0 , 0.008 , 4.744 , 0
234.89 , 2.0 , 0.013 , 4.98 , 0
235.0 , 2.0 , 0.006 , 5.007 , 0
235.12 , 2.0 , 0.011 , 5.059 , 0
235.23 , 2.0 , 0.011 , 5.059 , 0
235.34 , 2.0 , 0.006 , 4.797 , 0
235.45 , 2.0 , 0.021 , 4.98 , 0
235.56 , 2.0 , 0.011 , 4.902 , 0
235.68 , 2.0 , 0.008 , 4.954 , 0
235.79 , 2.0 , 0.008 , 4.954 , 0
235.9 , 2.0 , -0.0 , 4.902 , 0
236.01 , 2.0 , 0.006 , 4.757 , 0
236.12 , 2.0 , 0.004 , 4.757 , 0
236.24 , 2.0 , 0.021 , 4.705 , 0
236.35 , 2.0 , 0.021 , 4.705 , 0
236.46 , 2.0 , 0.015 , 4.744 , 0
236.57 , 2.0 , 0.006 , 4.823 , 0
236.68 , 2.0 , 0.015 , 4.771 , 0
236.79 , 2.0 , 0.006 , 4.862 , 0
236.91 , 2.0 , 0.006 , 4.862 , 0
237.02 , 2.0 , 0.006 , 4.692 , 0
237.13 , 2.0 , 0.017 , 4.64 , 0
237.24 , 2.0 , 0.002 , 4.574 , 0
237.35 , 2.0 , 0.013 , 4.548 , 0
237.47 , 2.0 , 0.013 , 4.548 , 0
237.58 , 2.0 , 0.006 , 4.731 , 0
237.69 , 2.0 , 0.021 , 4.757 , 0
237.8 , 2.0 , 0.004 , 4.692 , 0
237.93 , 2.0 , 0.013 , 4.548 , 0
238.06 , 2.0 , 0.006 , 4.705 , 0
238.2 , 2.0 , 0.006 , 4.705 , 0
238.34 , 2.0 , 0.011 , 4.64 , 0
238.49 , 2.0 , 0.011 , 4.535 , 0
238.6 , 2.0 , 0.006 , 4.548 , 0
238.71 , 2.0 , 0.011 , 4.6 , 0
238.82 , 2.0 , 0.011 , 4.653 , 0
238.94 , 2.0 , 0.013 , 4.757 , 0
239.05 , 2.0 , 0.011 , 4.718 , 0
239.16 , 2.0 , 0.011 , 4.718 , 0
239.27 , 2.0 , 0.013 , 4.482 , 0
239.38 , 2.0 , 0.017 , 4.548 , 0
239.5 , 2.0 , 0.002 , 4.574 , 0
239.62 , 2.0 , -0.0 , 4.417 , 0
239.75 , 2.0 , -0.0 , 4.417 , 0
239.86 , 2.0 , 0.013 , 4.443 , 0
239.98 , 2.0 , 0.006 , 4.43 , 0
240.09 , 2.0 , 0.011 , 4.495 , 0
240.22 , 2.0 , 0.013 , 4.613 , 0
240.33 , 2.0 , 0.017 , 4.338 , 0
240.44 , 2.0 , 0.017 , 4.338 , 0
240.55 , 2.0 , 0.019 , 4.338 , 0
240.66 , 2.0 , 0.015 , 4.377 , 0
240.77 , 2.0 , 0.011 , 4.325 , 0
240.92 , 2.0 , 0.008 , 4.338 , 0
241.05 , 2.0 , 0.002 , 4.364 , 0
241.16 , 2.0 , 0.002 , 4.364 , 0
241.27 , 2.0 , 0.019 , 4.259 , 0
241.38 , 2.0 , 0.011 , 4.246 , 0
241.49 , 2.0 , 0.008 , 4.364 , 0
241.65 , 0.0 , 0.008 , 4.22 , 0
241.8 , 0.0 , 0.004 , 4.22 , 0
241.93 , 0.0 , 0.008 , 4.391 , 0
242.04 , 0.0 , 0.006 , 4.155 , 0
242.15 , 0.0 , 0.006 , 4.155 , 0
242.26 , 0.0 , 0.013 , 4.246 , 0
242.37 , 0.0 , 0.006 , 4.207 , 0
242.49 , 0.0 , 0.013 , 4.391 , 0
242.6 , 0.0 , 0.011 , 4.037 , 0
242.71 , 0.0 , 0.011 , 4.037 , 0
242.82 , 0.0 , -0.002 , 4.037 , 0
242.93 , 0.0 , 0.008 , 4.155 , 0
243.04 , 0.0 , 0.019 , 3.892 , 0
243.16 , 0.0 , 0.013 , 3.945 , 0
243.27 , 0.0 , 0.013 , 3.945 , 0
243.38 , 0.0 , 0.013 , 4.01 , 0
243.49 , 0.0 , 0.013 , 4.076 , 0
243.6 , 0.0 , 0.013 , 3.892 , 0
243.72 , 0.0 , 0.017 , 3.775 , 0
243.83 , 0.0 , 0.017 , 3.775 , 0
243.97 , 0.0 , 0.015 , 3.866 , 0
244.08 , 0.0 , 0.023 , 3.892 , 0
244.21 , 0.0 , 0.013 , 3.997 , 0
244.32 , 0.0 , 0.008 , 4.089 , 0
244.43 , 0.0 , 0.017 , 3.892 , 0
244.56 , 0.0 , 0.017 , 3.892 , 0
244.69 , 0.0 , -0.0 , 3.906 , 0
244.8 , 0.0 , 0.011 , 4.089 , 0
244.91 , 0.0 , 0.015 , 3.892 , 0
245.03 , 0.0 , 0.021 , 3.879 , 0
245.14 , 0.0 , 0.015 , 3.775 , 0
245.25 , 0.0 , 0.015 , 3.775 , 0
245.36 , 0.0 , 0.004 , 3.945 , 0
245.47 , 0.0 , 0.015 , 4.05 , 0
245.59 , 0.0 , 0.015 , 4.168 , 0
245.7 , 0.0 , 0.006 , 3.945 , 0
245.81 , 0.0 , 0.006 , 3.945 , 0
245.92 , 0.0 , 0.006 , 3.971 , 0
246.03 , 0.0 , 0.002 , 4.128 , 0
246.15 , 0.0 , 0.015 , 3.827 , 0
246.26 , 0.0 , 0.015 , 3.827 , 0
246.37 , 0.0 , 0.015 , 3.984 , 0
246.48 , 0.0 , 0.019 , 3.932 , 0
246.59 , 0.0 , 0.013 , 3.997 , 0
246.71 , 0.0 , 0.011 , 3.853 , 0
246.82 , 0.0 , 0.011 , 3.853 , 0
246.93 , 0.0 , 0.011 , 4.102 , 0
247.04 , 0.0 , 0.013 , 4.063 , 0
247.15 , 0.0 , 0.008 , 3.84 , 0
247.26 , 0.0 , 0.017 , 3.906 , 0
247.39 , 0.0 , 0.017 , 3.906 , 0
247.5 , 0.0 , 0.011 , 3.879 , 0
247.62 , 0.0 , 0.015 , 4.102 , 0
247.73 , 0.0 , 0.006 , 3.919 , 0
247.84 , 0.0 , 0.002 , 3.932 , 0
247.97 , 0.0 , 0.002 , 3.932 , 0
248.08 , 0.0 , -0.002 , 3.853 , 0
248.21 , 0.0 , 0.006 , 3.997 , 0
248.32 , 0.0 , 0.017 , 3.906 , 0
248.43 , 0.0 , 0.019 , 3.84 , 0
248.54 , 0.0 , -0.0 , 4.115 , 0
248.67 , 0.0 , 0.013 , 3.748 , 0
248.78 , 0.0 , 0.013 , 3.748 , 0
248.9 , 0.0 , 0.013 , 3.879 , 0
249.04 , 0.0 , 0.015 , 4.076 , 0
249.15 , 0.0 , 0.004 , 3.775 , 0
249.26 , 0.0 , 0.004 , 3.906 , 0
249.37 , 0.0 , 0.006 , 4.128 , 0
249.49 , 0.0 , 0.006 , 4.128 , 0
249.6 , 0.0 , 0.023 , 4.076 , 0
249.71 , 0.0 , 0.013 , 3.997 , 0
249.82 , 0.0 , 0.006 , 3.879 , 0
249.93 , 0.0 , 0.006 , 3.879 , 0
250.05 , 0.0 , 0.002 , 3.866 , 0
250.16 , 0.0 , 0.013 , 4.076 , 0
250.27 , 0.0 , 0.006 , 3.932 , 0
250.38 , 0.0 , 0.006 , 3.879 , 0
250.49 , 0.0 , 0.006 , 3.879 , 0
250.61 , 0.0 , 0.015 , 3.984 , 0
250.72 , 0.0 , -0.009 , 3.866 , 0
250.83 , 0.0 , 0.008 , 3.945 , 0
250.94 , 0.0 , 0.015 , 4.207 , 0
251.04 , 0.0 , 0.015 , 4.207 , 0
251.15 , 0.0 , -0.004 , 3.958 , 0
251.29 , 0.0 , 0.006 , 3.788 , 0
251.4 , 0.0 , 0.011 , 3.814 , 0
251.52 , 0.0 , 0.006 , 4.01 , 0
251.63 , 0.0 , 0.006 , 4.01 , 0
251.74 , 0.0 , 0.008 , 3.945 , 0
251.85 , 0.0 , 0.013 , 3.892 , 0
251.96 , 0.0 , 0.015 , 3.971 , 0
252.08 , 0.0 , 0.015 , 3.984 , 0
252.19 , 0.0 , 0.015 , 3.984 , 0
252.3 , 0.0 , 0.011 , 4.076 , 0
252.41 , 0.0 , 0.002 , 3.814 , 0
252.52 , 0.0 , 0.008 , 3.971 , 0
252.64 , 0.0 , 0.017 , 3.827 , 0
252.75 , 0.0 , 0.017 , 3.827 , 0
252.86 , 0.0 , 0.017 , 3.919 , 0
252.97 , 0.0 , 0.011 , 3.827 , 0
253.08 , 0.0 , 0.004 , 4.05 , 0
253.21 , 0.0 , 0.004 , 3.892 , 0
253.32 , 0.0 , 0.004 , 3.892 , 0
253.43 , 0.0 , 0.008 , 3.906 , 0
253.55 , 0.0 , 0.008 , 3.853 , 0
253.69 , 0.0 , 0.011 , 3.775 , 0
253.8 , 0.0 , 0.013 , 3.945 , 0
253.91 , 0.0 , 0.002 , 4.037 , 0
254.03 , 0.0 , 0.002 , 4.037 , 0
254.14 , 0.0 , 0.013 , 3.919 , 0
254.25 , 0.0 , -0.002 , 3.958 , 0
254.36 , 0.0 , 0.002 , 3.853 , 0
254.47 , 0.0 , 0.008 , 3.748 , 0
254.6 , 0.0 , 0.008 , 3.748 , 0
254.71 , 0.0 , 0.013 , 3.801 , 0
254.82 , 0.0 , 0.011 , 3.748 , 0
254.94 , 0.0 , 0.006 , 4.024 , 0
255.05 , 0.0 , 0.008 , 3.919 , 0
255.16 , 0.0 , 0.008 , 3.919 , 0
255.27 , 0.0 , 0.013 , 3.722 , 0
255.4 , 0.0 , 0.006 , 3.709 , 0
255.51 , 0.0 , -0.0 , 3.906 , 0
255.62 , 0.0 , 0.013 , 3.866 , 0
255.75 , 0.0 , 0.008 , 3.814 , 0
255.91 , 0.0 , 0.015 , 3.84 , 0
256.02 , 0.0 , 0.011 , 3.696 , 0
256.14 , 0.0 , 0.011 , 3.696 , 0
256.25 , 0.0 , 0.023 , 3.683 , 0
