ech1_12
Time , Disp, Load , Pressure, Volume
0.05 , 0.003 , -0.006 , -0.105 , 0
0.16 , 0.065 , 0.009 , 0.026 , 0
0.25 , 0.13 , 0.009 , 0.026 , 0
0.4 , 0.22 , -0.009 , -0.144 , 0
0.46 , 0.262 , -0.009 , -0.144 , 0
0.57 , 0.327 , -0.008 , -0.052 , 0
0.69 , 0.4 , -0.008 , -0.052 , 0
0.78 , 0.459 , -0.002 , -0.367 , 0
0.9 , 0.524 , -0.002 , -0.38 , 0
0.99 , 0.59 , -0.002 , -0.38 , 0
1.14 , 0.68 , 0.002 , -0.577 , 0
1.2 , 0.718 , 0.002 , -0.577 , 0
1.3 , 0.78 , -0.009 , -0.826 , 0
1.42 , 0.861 , -0.009 , -0.826 , 0
1.5 , 0.905 , 0.002 , -0.734 , 0
1.6 , 0.968 , 0.002 , -0.734 , 0
1.71 , 1.041 , -0.013 , -0.957 , 0
1.79 , 1.093 , -0.013 , -0.957 , 0
1.95 , 1.185 , -0.0 , -1.297 , 0
2.02 , 1.231 , -0.0 , -1.297 , 0
2.1 , 1.28 , -0.009 , -1.258 , 0
2.21 , 1.343 , -0.009 , -1.258 , 0
2.32 , 1.421 , 0.009 , -1.245 , 0
2.4 , 1.468 , 0.009 , -1.245 , 0
2.5 , 1.53 , 0.023 , -1.468 , 0
2.62 , 1.611 , 0.023 , -1.468 , 0
2.7 , 1.656 , 0.011 , -1.678 , 0
2.8 , 1.718 , -0.009 , -1.56 , 0
2.93 , 1.801 , -0.009 , -1.56 , 0
2.99 , 1.843 , -0.0 , -1.927 , 0
3.1 , 1.905 , -0.0 , -1.927 , 0
3.22 , 1.982 , 0.002 , -1.913 , 0
3.3 , 2.03 , 0.002 , -1.913 , 0
3.39 , 2.093 , 0.008 , -1.992 , 0
3.51 , 2.162 , 0.008 , -1.992 , 0
3.6 , 2.218 , 0.011 , -2.071 , 0
3.7 , 2.28 , 0.011 , -2.071 , 0
3.83 , 2.362 , -0.006 , -2.267 , 0
3.91 , 2.405 , -0.006 , -2.267 , 0
4.0 , 2.468 , 0.0 , -2.307 , 0
4.13 , 2.552 , 0.0 , -2.307 , 0
4.19 , 2.593 , -0.015 , -2.543 , 0
4.31 , 2.655 , -0.015 , -2.543 , 0
4.42 , 2.732 , -0.0 , -2.543 , 0
4.5 , 2.78 , -0.0 , -2.543 , 0
4.59 , 2.843 , -0.023 , -2.778 , 0
4.72 , 2.922 , -0.023 , -2.778 , 0
4.8 , 2.968 , -0.006 , -2.831 , 0
4.9 , 3.03 , -0.015 , -2.91 , 0
5.03 , 3.113 , -0.015 , -2.91 , 0
5.11 , 3.155 , 0.0 , -2.936 , 0
5.2 , 3.217 , 0.0 , -2.936 , 0
5.33 , 3.303 , -0.006 , -3.067 , 0
5.41 , 3.348 , -0.006 , -3.067 , 0
5.51 , 3.405 , -0.008 , -3.263 , 0
5.62 , 3.483 , -0.008 , -3.263 , 0
5.7 , 3.531 , 0.013 , -3.368 , 0
5.79 , 3.593 , 0.013 , -3.368 , 0
5.91 , 3.663 , -0.019 , -3.316 , 0
6.0 , 3.718 , -0.019 , -3.316 , 0
6.1 , 3.78 , -0.006 , -3.368 , 0
6.23 , 3.863 , -0.006 , -3.368 , 0
6.31 , 3.905 , -0.008 , -3.748 , 0
6.4 , 3.968 , -0.008 , -3.748 , 0
6.52 , 4.043 , 0.002 , -3.617 , 0
6.6 , 4.093 , 0.002 , -3.617 , 0
6.71 , 4.155 , 0.008 , -3.735 , 0
6.82 , 4.233 , 0.008 , -3.735 , 0
6.9 , 4.28 , -0.015 , -3.748 , 0
7.0 , 4.343 , -0.015 , -3.748 , 0
7.12 , 4.423 , -0.008 , -3.853 , 0
7.2 , 4.468 , 0.0 , -3.827 , 0
7.3 , 4.53 , 0.0 , -3.827 , 0
7.43 , 4.614 , 0.002 , -3.958 , 0
7.51 , 4.655 , 0.002 , -3.958 , 0
7.6 , 4.718 , 0.008 , -4.286 , 0
7.73 , 4.804 , 0.008 , -4.286 , 0
7.8 , 4.843 , -0.0 , -4.259 , 0
7.91 , 4.906 , -0.0 , -4.259 , 0
8.02 , 4.984 , -0.006 , -4.286 , 0
8.1 , 5.03 , -0.006 , -4.286 , 0
8.2 , 5.093 , -0.006 , -4.508 , 0
8.31 , 5.164 , -0.006 , -4.508 , 0
8.41 , 5.218 , -0.011 , -4.561 , 0
8.5 , 5.28 , -0.011 , -4.561 , 0
8.63 , 5.364 , -0.006 , -4.81 , 0
8.69 , 5.405 , -0.006 , -4.81 , 0
8.81 , 5.468 , 0.006 , -4.574 , 0
8.92 , 5.544 , 0.006 , -4.574 , 0
9.0 , 5.593 , -0.011 , -4.81 , 0
9.09 , 5.655 , -0.011 , -4.81 , 0
9.22 , 5.734 , -0.004 , -4.757 , 0
9.3 , 5.78 , -0.009 , -5.033 , 0
9.4 , 5.842 , -0.009 , -5.033 , 0
9.53 , 5.925 , 0.008 , -5.085 , 0
9.61 , 5.968 , 0.008 , -5.085 , 0
9.7 , 6.03 , -0.004 , -4.967 , 0
9.81 , 6.105 , -0.004 , -4.967 , 0
9.89 , 6.155 , 0.006 , -5.138 , 0
10.01 , 6.218 , 0.006 , -5.138 , 0
10.12 , 6.295 , -0.009 , -5.177 , 0
10.2 , 6.343 , -0.009 , -5.177 , 0
10.29 , 6.405 , -0.009 , -5.282 , 0
10.41 , 6.475 , -0.009 , -5.282 , 0
10.5 , 6.53 , -0.017 , -5.269 , 0
10.6 , 6.593 , -0.017 , -5.269 , 0
10.71 , 6.665 , -0.0 , -5.426 , 0
10.81 , 6.718 , -0.0 , -5.426 , 0
10.9 , 6.78 , -0.011 , -5.256 , 0
11.01 , 6.855 , -0.011 , -5.256 , 0
11.1 , 6.905 , -0.006 , -5.373 , 0
11.21 , 6.968 , -0.006 , -5.373 , 0
11.3 , 7.035 , -0.006 , -5.675 , 0
11.4 , 7.092 , -0.006 , -5.675 , 0
11.5 , 7.155 , -0.009 , -5.596 , 0
11.61 , 7.226 , 0.008 , -5.491 , 0
11.7 , 7.28 , 0.008 , -5.491 , 0
11.8 , 7.343 , 0.004 , -5.872 , 0
11.91 , 7.416 , 0.004 , -5.872 , 0
12.01 , 7.468 , -0.025 , -5.767 , 0
12.1 , 7.53 , -0.025 , -5.767 , 0
12.23 , 7.616 , -0.017 , -5.793 , 0
12.3 , 7.655 , -0.017 , -5.793 , 0
12.41 , 7.718 , -0.011 , -5.898 , 0
12.52 , 7.796 , -0.011 , -5.898 , 0
12.6 , 7.843 , -0.002 , -6.068 , 0
12.7 , 7.905 , -0.002 , -6.068 , 0
12.82 , 7.986 , 0.002 , -5.989 , 0
12.9 , 8.03 , 0.002 , -5.989 , 0
13.0 , 8.093 , -0.004 , -6.121 , 0
13.11 , 8.167 , -0.004 , -6.121 , 0
13.19 , 8.218 , -0.008 , -6.134 , 0
13.31 , 8.28 , -0.008 , -6.134 , 0
13.4 , 8.347 , -0.006 , -5.989 , 0
13.5 , 8.405 , -0.006 , -5.989 , 0
13.59 , 8.468 , -0.002 , -6.278 , 0
13.71 , 8.536 , 0.0 , -6.212 , 0
13.8 , 8.593 , 0.0 , -6.212 , 0
13.9 , 8.655 , 0.004 , -6.186 , 0
14.03 , 8.737 , 0.004 , -6.186 , 0
14.11 , 8.78 , 0.011 , -6.527 , 0
14.2 , 8.843 , 0.011 , -6.527 , 0
14.33 , 8.927 , 0.006 , -6.33 , 0
14.39 , 8.968 , 0.006 , -6.33 , 0
14.51 , 9.0 , 0.011 , -6.317 , 0
14.62 , 9.0 , 0.011 , -6.317 , 0
14.7 , 8.985 , -0.011 , -6.619 , 0
14.79 , 8.924 , -0.011 , -6.619 , 0
14.91 , 8.861 , -0.002 , -6.461 , 0
15.0 , 8.794 , -0.002 , -6.461 , 0
15.1 , 8.736 , -0.002 , -6.553 , 0
15.19 , 8.674 , -0.002 , -6.553 , 0
15.32 , 8.594 , -0.004 , -6.435 , 0
15.4 , 8.549 , -0.004 , -6.435 , 0
15.5 , 8.486 , 0.0 , -6.199 , 0
15.63 , 8.404 , 0.0 , -6.199 , 0
15.71 , 8.361 , 0.004 , -6.173 , 0
15.8 , 8.298 , 0.004 , -6.173 , 0
15.93 , 8.213 , 0.006 , -6.238 , 0
15.99 , 8.174 , -0.0 , -6.304 , 0
16.11 , 8.111 , -0.0 , -6.304 , 0
16.22 , 8.033 , -0.002 , -6.121 , 0
16.3 , 7.986 , -0.002 , -6.121 , 0
16.4 , 7.923 , 0.002 , -6.029 , 0
16.52 , 7.843 , 0.002 , -6.029 , 0
16.6 , 7.798 , -0.006 , -6.029 , 0
16.7 , 7.736 , -0.006 , -6.029 , 0
16.83 , 7.653 , 0.021 , -5.714 , 0
16.91 , 7.611 , 0.021 , -5.714 , 0
17.0 , 7.548 , -0.028 , -5.767 , 0
17.12 , 7.473 , -0.028 , -5.767 , 0
17.2 , 7.423 , -0.017 , -5.583 , 0
17.29 , 7.361 , -0.017 , -5.583 , 0
17.42 , 7.283 , 0.009 , -5.793 , 0
17.5 , 7.236 , 0.009 , -5.793 , 0
17.6 , 7.174 , 0.013 , -5.701 , 0
17.72 , 7.093 , 0.013 , -5.701 , 0
17.8 , 7.048 , 0.004 , -5.583 , 0
17.9 , 6.986 , 0.004 , -5.583 , 0
18.01 , 6.913 , -0.015 , -5.426 , 0
18.09 , 6.861 , 0.002 , -5.387 , 0
18.2 , 6.799 , 0.002 , -5.387 , 0
18.3 , 6.732 , -0.0 , -5.295 , 0
18.4 , 6.674 , -0.0 , -5.295 , 0
18.49 , 6.611 , 0.006 , -5.334 , 0
18.6 , 6.542 , 0.006 , -5.334 , 0
18.7 , 6.486 , -0.0 , -5.36 , 0
18.8 , 6.424 , -0.0 , -5.36 , 0
18.91 , 6.352 , -0.006 , -5.164 , 0
19.01 , 6.298 , -0.006 , -5.164 , 0
19.1 , 6.236 , 0.004 , -4.889 , 0
19.21 , 6.162 , 0.004 , -4.889 , 0
19.29 , 6.111 , -0.002 , -5.085 , 0
19.41 , 6.049 , -0.002 , -5.085 , 0
19.52 , 5.972 , 0.002 , -4.757 , 0
19.6 , 5.924 , 0.002 , -4.757 , 0
19.69 , 5.861 , 0.004 , -4.915 , 0
19.82 , 5.782 , 0.004 , -4.915 , 0
19.9 , 5.736 , -0.021 , -4.81 , 0
20.0 , 5.673 , -0.021 , -4.81 , 0
20.11 , 5.601 , -0.004 , -4.482 , 0
20.21 , 5.549 , -0.004 , -4.482 , 0
20.3 , 5.486 , 0.0 , -4.81 , 0
20.43 , 5.401 , 0.006 , -4.456 , 0
20.49 , 5.361 , 0.006 , -4.456 , 0
20.61 , 5.298 , 0.004 , -4.417 , 0
20.72 , 5.221 , 0.004 , -4.417 , 0
20.8 , 5.174 , -0.013 , -4.273 , 0
20.9 , 5.111 , -0.013 , -4.273 , 0
21.02 , 5.031 , -0.013 , -4.338 , 0
21.1 , 4.986 , -0.013 , -4.338 , 0
21.2 , 4.924 , -0.008 , -4.142 , 0
21.31 , 4.851 , -0.008 , -4.142 , 0
21.41 , 4.799 , 0.008 , -4.155 , 0
21.5 , 4.736 , 0.008 , -4.155 , 0
21.62 , 4.661 , -0.002 , -4.102 , 0
21.7 , 4.611 , -0.002 , -4.102 , 0
21.81 , 4.549 , 0.002 , -3.853 , 0
21.92 , 4.47 , 0.002 , -3.853 , 0
22.0 , 4.423 , 0.0 , -3.709 , 0
22.1 , 4.361 , 0.0 , -3.709 , 0
22.22 , 4.28 , -0.0 , -3.552 , 0
22.3 , 4.236 , -0.0 , -3.552 , 0
22.4 , 4.174 , 0.008 , -3.683 , 0
22.51 , 4.1 , 0.004 , -3.617 , 0
22.59 , 4.049 , 0.004 , -3.617 , 0
22.7 , 3.986 , -0.009 , -3.473 , 0
22.82 , 3.91 , -0.009 , -3.473 , 0
22.9 , 3.861 , 0.008 , -3.539 , 0
22.99 , 3.799 , 0.008 , -3.539 , 0
23.12 , 3.72 , -0.023 , -3.394 , 0
23.2 , 3.673 , -0.023 , -3.394 , 0
23.3 , 3.611 , 0.002 , -3.198 , 0
23.42 , 3.53 , 0.002 , -3.198 , 0
23.51 , 3.486 , 0.002 , -3.198 , 0
23.6 , 3.424 , 0.002 , -3.198 , 0
23.71 , 3.35 , -0.008 , -2.975 , 0
23.79 , 3.299 , -0.008 , -2.975 , 0
23.91 , 3.236 , 0.008 , -2.975 , 0
24.02 , 3.16 , 0.008 , -2.975 , 0
24.1 , 3.111 , -0.0 , -2.7 , 0
24.19 , 3.049 , -0.0 , -2.7 , 0
24.32 , 2.97 , 0.008 , -2.595 , 0
24.4 , 2.924 , 0.008 , -2.595 , 0
24.5 , 2.861 , 0.004 , -2.477 , 0
24.63 , 2.779 , -0.008 , -2.32 , 0
24.71 , 2.736 , -0.008 , -2.32 , 0
24.8 , 2.673 , 0.002 , -2.162 , 0
24.91 , 2.599 , 0.002 , -2.162 , 0
24.99 , 2.549 , -0.009 , -2.071 , 0
25.11 , 2.486 , -0.009 , -2.071 , 0
25.2 , 2.419 , -0.008 , -1.94 , 0
25.3 , 2.361 , -0.008 , -1.94 , 0
25.39 , 2.299 , 0.009 , -1.769 , 0
25.52 , 2.219 , 0.009 , -1.769 , 0
25.6 , 2.174 , -0.004 , -1.507 , 0
25.7 , 2.111 , -0.004 , -1.507 , 0
25.83 , 2.028 , 0.008 , -1.809 , 0
25.91 , 1.986 , 0.008 , -1.809 , 0
26.0 , 1.924 , 0.002 , -1.691 , 0
26.13 , 1.839 , 0.002 , -1.691 , 0
26.19 , 1.799 , -0.008 , -1.547 , 0
26.31 , 1.736 , -0.008 , -1.547 , 0
26.42 , 1.659 , 0.002 , -1.638 , 0
26.5 , 1.611 , 0.002 , -1.638 , 0
26.6 , 1.549 , -0.002 , -1.442 , 0
26.71 , 1.478 , -0.002 , -1.442 , 0
26.8 , 1.424 , -0.017 , -1.363 , 0
26.9 , 1.362 , -0.0 , -1.153 , 0
27.03 , 1.278 , -0.0 , -1.153 , 0
27.11 , 1.236 , -0.009 , -0.983 , 0
27.2 , 1.174 , -0.009 , -0.983 , 0
27.32 , 1.098 , -0.004 , -0.799 , 0
27.4 , 1.049 , -0.004 , -0.799 , 0
27.49 , 0.986 , -0.006 , -0.76 , 0
27.6 , 0.918 , -0.006 , -0.76 , 0
27.7 , 0.861 , -0.004 , -0.485 , 0
27.8 , 0.798 , -0.004 , -0.485 , 0
27.91 , 0.728 , 0.002 , -0.354 , 0
28.0 , 0.674 , 0.002 , -0.354 , 0
28.1 , 0.611 , -0.006 , -0.105 , 0
28.23 , 0.528 , -0.006 , -0.105 , 0
28.29 , 0.486 , -0.002 , -0.131 , 0
28.4 , 0.424 , -0.002 , -0.131 , 0
28.52 , 0.348 , -0.019 , 0.223 , 0
28.6 , 0.299 , -0.019 , 0.223 , 0
28.69 , 0.236 , 0.006 , 0.092 , 0
28.82 , 0.157 , 0.006 , 0.092 , 0
28.9 , 0.111 , 0.002 , 0.223 , 0
29.0 , 0.049 , -0.009 , 0.432 , 0
29.13 , -0.0 , -0.009 , 0.432 , 0
29.21 , -0.0 , -0.006 , 0.642 , 0
29.32 , 0.021 , -0.006 , 0.642 , 0
29.4 , 0.07 , 0.0 , 0.511 , 0
29.49 , 0.132 , 0.0 , 0.511 , 0
29.62 , 0.212 , 0.008 , 0.446 , 0
29.7 , 0.258 , 0.008 , 0.446 , 0
29.8 , 0.32 , 0.008 , 0.472 , 0
29.93 , 0.402 , 0.008 , 0.472 , 0
30.01 , 0.445 , -0.021 , 0.131 , 0
30.1 , 0.507 , -0.021 , 0.131 , 0
30.21 , 0.582 , -0.004 , -0.105 , 0
30.29 , 0.633 , -0.004 , -0.105 , 0
30.41 , 0.695 , -0.002 , -0.131 , 0
30.52 , 0.772 , -0.002 , -0.131 , 0
30.6 , 0.82 , 0.004 , -0.328 , 0
30.69 , 0.882 , 0.004 , -0.328 , 0
30.82 , 0.963 , 0.004 , -0.38 , 0
30.9 , 1.007 , 0.004 , -0.38 , 0
31.0 , 1.07 , 0.009 , -0.629 , 0
31.13 , 1.153 , 0.009 , -0.629 , 0
31.21 , 1.195 , -0.004 , -0.734 , 0
31.3 , 1.257 , 0.009 , -1.114 , 0
31.42 , 1.333 , 0.009 , -1.114 , 0
31.5 , 1.383 , -0.013 , -1.127 , 0
31.61 , 1.445 , -0.013 , -1.127 , 0
31.72 , 1.523 , 0.036 , -1.284 , 0
31.8 , 1.57 , 0.036 , -1.284 , 0
31.9 , 1.633 , 0.002 , -1.245 , 0
32.01 , 1.703 , 0.002 , -1.245 , 0
32.1 , 1.757 , -0.008 , -1.402 , 0
32.2 , 1.82 , -0.008 , -1.402 , 0
32.33 , 1.903 , -0.004 , -1.415 , 0
32.39 , 1.945 , -0.004 , -1.415 , 0
32.5 , 2.007 , -0.021 , -1.704 , 0
32.62 , 2.083 , -0.021 , -1.704 , 0
32.7 , 2.132 , 0.019 , -1.769 , 0
32.79 , 2.195 , 0.019 , -1.769 , 0
32.9 , 2.263 , -0.019 , -1.796 , 0
33.0 , 2.32 , -0.019 , -1.796 , 0
33.1 , 2.383 , 0.004 , -1.9 , 0
33.22 , 2.464 , 0.004 , -1.9 , 0
33.31 , 2.508 , -0.002 , -2.097 , 0
33.4 , 2.57 , -0.023 , -2.202 , 0
33.53 , 2.654 , -0.023 , -2.202 , 0
33.59 , 2.695 , -0.015 , -2.425 , 0
33.71 , 2.757 , -0.015 , -2.425 , 0
33.82 , 2.834 , 0.008 , -2.556 , 0
33.9 , 2.882 , 0.008 , -2.556 , 0
33.99 , 2.945 , -0.008 , -2.438 , 0
34.11 , 3.014 , -0.008 , -2.438 , 0
34.2 , 3.07 , 0.026 , -2.726 , 0
34.3 , 3.132 , 0.026 , -2.726 , 0
34.43 , 3.214 , 0.008 , -2.674 , 0
34.51 , 3.257 , 0.008 , -2.674 , 0
34.6 , 3.32 , -0.009 , -2.726 , 0
34.73 , 3.404 , -0.009 , -2.726 , 0
34.79 , 3.445 , 0.008 , -2.87 , 0
34.91 , 3.507 , 0.008 , -2.87 , 0
35.02 , 3.584 , -0.006 , -2.949 , 0
35.1 , 3.632 , -0.006 , -2.949 , 0
35.19 , 3.695 , -0.004 , -3.25 , 0
35.31 , 3.765 , -0.004 , -3.25 , 0
35.4 , 3.82 , -0.002 , -3.421 , 0
35.5 , 3.882 , -0.002 , -3.421 , 0
35.61 , 3.954 , -0.011 , -3.277 , 0
35.71 , 4.007 , -0.028 , -3.46 , 0
35.8 , 4.069 , -0.028 , -3.46 , 0
35.91 , 4.145 , 0.008 , -3.683 , 0
35.99 , 4.195 , 0.008 , -3.683 , 0
36.11 , 4.258 , -0.002 , -3.735 , 0
36.22 , 4.335 , -0.002 , -3.735 , 0
36.3 , 4.383 , -0.004 , -3.814 , 0
36.39 , 4.446 , -0.004 , -3.814 , 0
36.52 , 4.525 , -0.023 , -3.958 , 0
36.6 , 4.57 , -0.023 , -3.958 , 0
36.7 , 4.632 , -0.002 , -4.207 , 0
36.81 , 4.705 , -0.002 , -4.207 , 0
36.91 , 4.757 , -0.011 , -4.312 , 0
37.0 , 4.82 , -0.011 , -4.312 , 0
37.12 , 4.895 , -0.023 , -4.286 , 0
37.2 , 4.945 , -0.023 , -4.286 , 0
37.31 , 5.007 , -0.011 , -4.207 , 0
37.42 , 5.086 , -0.011 , -4.207 , 0
37.5 , 5.133 , -0.034 , -4.417 , 0
37.6 , 5.195 , -0.034 , -4.417 , 0
37.71 , 5.266 , -0.009 , -4.64 , 0
37.8 , 5.32 , -0.025 , -4.404 , 0
37.9 , 5.382 , -0.025 , -4.404 , 0
38.01 , 5.456 , -0.009 , -4.587 , 0
38.09 , 5.507 , -0.009 , -4.587 , 0
38.2 , 5.57 , 0.011 , -4.744 , 0
38.32 , 5.646 , 0.011 , -4.744 , 0
38.4 , 5.695 , -0.0 , -4.836 , 0
38.49 , 5.758 , -0.0 , -4.836 , 0
38.62 , 5.836 , 0.009 , -4.849 , 0
38.7 , 5.883 , 0.009 , -4.849 , 0
38.8 , 5.945 , -0.009 , -4.954 , 0
38.93 , 6.026 , -0.009 , -4.954 , 0
39.01 , 6.07 , -0.004 , -5.164 , 0
39.1 , 6.132 , -0.004 , -5.164 , 0
39.23 , 6.217 , -0.011 , -4.902 , 0
39.29 , 6.258 , -0.011 , -4.902 , 0
39.41 , 6.32 , -0.015 , -5.4 , 0
39.52 , 6.397 , -0.015 , -5.4 , 0
39.6 , 6.445 , 0.011 , -5.295 , 0
39.69 , 6.507 , 0.011 , -5.295 , 0
39.82 , 6.587 , 0.015 , -5.452 , 0
39.9 , 6.632 , 0.015 , -5.452 , 0
40.0 , 6.695 , 0.004 , -5.622 , 0
40.13 , 6.777 , 0.008 , -5.531 , 0
40.21 , 6.82 , 0.008 , -5.531 , 0
40.3 , 6.883 , 0.008 , -5.491 , 0
40.43 , 6.967 , 0.008 , -5.491 , 0
40.49 , 7.008 , 0.013 , -5.518 , 0
40.61 , 7.07 , 0.013 , -5.518 , 0
40.72 , 7.147 , -0.028 , -5.636 , 0
40.8 , 7.195 , -0.028 , -5.636 , 0
40.89 , 7.258 , -0.019 , -5.583 , 0
41.02 , 7.337 , -0.019 , -5.583 , 0
41.1 , 7.382 , 0.002 , -5.74 , 0
41.2 , 7.445 , 0.002 , -5.74 , 0
41.31 , 7.517 , -0.015 , -5.806 , 0
41.41 , 7.57 , -0.015 , -5.806 , 0
41.5 , 7.632 , 0.011 , -5.924 , 0
41.62 , 7.708 , 0.011 , -5.924 , 0
41.7 , 7.758 , 0.002 , -5.858 , 0
41.81 , 7.82 , 0.002 , -5.858 , 0
41.92 , 7.898 , -0.002 , -5.976 , 0
42.0 , 7.945 , -0.002 , -5.976 , 0
42.1 , 8.007 , -0.019 , -5.872 , 0
42.21 , 8.078 , 0.011 , -5.95 , 0
42.3 , 8.132 , 0.011 , -5.95 , 0
42.4 , 8.195 , -0.006 , -6.016 , 0
42.53 , 8.278 , -0.006 , -6.016 , 0
42.59 , 8.32 , -0.004 , -6.186 , 0
42.7 , 8.382 , -0.004 , -6.186 , 0
42.82 , 8.458 , -0.009 , -6.278 , 0
42.9 , 8.507 , -0.009 , -6.278 , 0
42.99 , 8.57 , 0.004 , -6.343 , 0
43.12 , 8.648 , 0.004 , -6.343 , 0
43.2 , 8.695 , -0.013 , -6.304 , 0
43.3 , 8.757 , -0.013 , -6.304 , 0
43.41 , 8.828 , 0.002 , -6.252 , 0
43.5 , 8.882 , 0.002 , -6.252 , 0
43.6 , 8.945 , -0.009 , -6.422 , 0
43.73 , 9.0 , -0.009 , -6.422 , 0
43.79 , 9.0 , -0.002 , -6.422 , 0
43.92 , 8.979 , -0.002 , -6.422 , 0
44.0 , 8.933 , -0.025 , -6.343 , 0
44.1 , 8.87 , -0.025 , -6.343 , 0
44.21 , 8.799 , 0.002 , -6.291 , 0
44.31 , 8.745 , 0.006 , -6.304 , 0
44.4 , 8.683 , 0.006 , -6.304 , 0
44.51 , 8.608 , -0.004 , -6.304 , 0
44.59 , 8.557 , -0.004 , -6.304 , 0
44.71 , 8.495 , -0.002 , -6.173 , 0
44.8 , 8.428 , -0.002 , -6.173 , 0
44.9 , 8.37 , -0.008 , -6.278 , 0
44.99 , 8.308 , -0.008 , -6.278 , 0
45.11 , 8.238 , 0.006 , -6.016 , 0
45.2 , 8.182 , 0.006 , -6.016 , 0
45.3 , 8.12 , -0.009 , -6.121 , 0
45.41 , 8.048 , -0.009 , -6.121 , 0
45.51 , 7.995 , 0.004 , -6.173 , 0
45.6 , 7.932 , 0.004 , -6.173 , 0
45.71 , 7.858 , -0.0 , -6.003 , 0
45.79 , 7.807 , -0.0 , -6.003 , 0
45.91 , 7.745 , -0.006 , -6.107 , 0
46.02 , 7.667 , -0.006 , -6.107 , 0
46.1 , 7.62 , 0.006 , -5.937 , 0
46.19 , 7.557 , 0.006 , -5.937 , 0
46.32 , 7.477 , 0.008 , -5.911 , 0
46.4 , 7.432 , 0.008 , -5.911 , 0
46.5 , 7.369 , -0.008 , -5.649 , 0
46.63 , 7.287 , -0.008 , -5.767 , 0
46.71 , 7.245 , -0.008 , -5.767 , 0
46.8 , 7.182 , 0.006 , -5.596 , 0
46.93 , 7.097 , 0.006 , -5.596 , 0
47.01 , 7.055 , 0.013 , -5.531 , 0
47.11 , 6.995 , 0.013 , -5.531 , 0
47.24 , 6.907 , -0.023 , -5.4 , 0
47.3 , 6.868 , -0.023 , -5.4 , 0
47.4 , 6.807 , 0.023 , -5.373 , 0
47.52 , 6.726 , 0.023 , -5.373 , 0
47.6 , 6.682 , -0.013 , -5.177 , 0
47.7 , 6.62 , -0.013 , -5.177 , 0
47.81 , 6.546 , -0.015 , -5.295 , 0
47.91 , 6.495 , -0.015 , -5.295 , 0
48.0 , 6.432 , -0.006 , -5.164 , 0
48.12 , 6.356 , -0.006 , -5.164 , 0
48.2 , 6.307 , -0.011 , -5.138 , 0
48.29 , 6.245 , -0.011 , -5.138 , 0
48.42 , 6.166 , 0.008 , -4.941 , 0
48.5 , 6.12 , 0.008 , -4.941 , 0
48.6 , 6.057 , 0.017 , -4.862 , 0
48.73 , 5.976 , 0.004 , -4.889 , 0
48.8 , 5.932 , 0.004 , -4.889 , 0
48.9 , 5.87 , -0.006 , -4.797 , 0
49.01 , 5.796 , -0.006 , -4.797 , 0
49.09 , 5.745 , -0.023 , -4.705 , 0
49.21 , 5.682 , -0.023 , -4.705 , 0
49.3 , 5.616 , -0.006 , -4.653 , 0
49.4 , 5.557 , -0.006 , -4.653 , 0
49.49 , 5.495 , -0.034 , -4.443 , 0
49.62 , 5.416 , -0.034 , -4.443 , 0
49.7 , 5.37 , 0.013 , -4.286 , 0
49.8 , 5.307 , 0.013 , -4.286 , 0
49.91 , 5.236 , 0.004 , -4.482 , 0
50.01 , 5.183 , 0.004 , -4.482 , 0
50.1 , 5.12 , -0.006 , -4.128 , 0
50.23 , 5.035 , -0.006 , -4.128 , 0
50.29 , 4.995 , -0.021 , -4.076 , 0
50.41 , 4.932 , -0.021 , -4.076 , 0
50.52 , 4.855 , 0.011 , -4.024 , 0
50.6 , 4.808 , 0.011 , -4.024 , 0
50.71 , 4.743 , 0.011 , -3.997 , 0
50.81 , 4.675 , 0.011 , -3.997 , 0
50.9 , 4.62 , 0.009 , -3.853 , 0
51.0 , 4.557 , -0.025 , -3.801 , 0
51.11 , 4.485 , -0.025 , -3.801 , 0
51.21 , 4.432 , -0.002 , -3.722 , 0
51.3 , 4.37 , -0.002 , -3.722 , 0
51.42 , 4.295 , -0.002 , -3.46 , 0
51.5 , 4.245 , -0.002 , -3.46 , 0
51.61 , 4.183 , 0.015 , -3.368 , 0
51.72 , 4.105 , 0.015 , -3.368 , 0
51.8 , 4.057 , -0.0 , -3.421 , 0
51.9 , 3.995 , -0.0 , -3.421 , 0
52.01 , 3.924 , -0.017 , -3.224 , 0
52.1 , 3.87 , -0.017 , -3.224 , 0
52.2 , 3.808 , 0.006 , -3.263 , 0
52.31 , 3.735 , 0.006 , -3.263 , 0
52.41 , 3.682 , 0.013 , -3.172 , 0
52.5 , 3.62 , 0.013 , -3.172 , 0
52.62 , 3.544 , -0.006 , -3.237 , 0
52.7 , 3.495 , -0.006 , -3.237 , 0
52.81 , 3.432 , -0.017 , -3.119 , 0
52.9 , 3.364 , -0.017 , -3.119 , 0
53.0 , 3.307 , 0.006 , -2.91 , 0
53.1 , 3.245 , -0.023 , -3.014 , 0
53.21 , 3.174 , -0.023 , -3.014 , 0
53.3 , 3.12 , -0.013 , -2.87 , 0
53.4 , 3.057 , -0.013 , -2.87 , 0
53.51 , 2.984 , -0.004 , -2.529 , 0
53.59 , 2.933 , -0.004 , -2.529 , 0
53.7 , 2.87 , -0.004 , -2.241 , 0
53.8 , 2.804 , -0.004 , -2.241 , 0
53.9 , 2.745 , 0.004 , -2.294 , 0
53.99 , 2.683 , 0.004 , -2.294 , 0
54.11 , 2.614 , -0.015 , -2.031 , 0
54.2 , 2.557 , -0.015 , -2.031 , 0
54.3 , 2.495 , 0.002 , -1.913 , 0
54.41 , 2.423 , 0.002 , -1.913 , 0
54.51 , 2.37 , -0.006 , -1.874 , 0
54.6 , 2.308 , -0.006 , -1.874 , 0
54.73 , 2.223 , -0.0 , -1.664 , 0
54.81 , 2.181 , -0.0 , -1.664 , 0
54.91 , 2.12 , -0.028 , -1.691 , 0
55.03 , 2.033 , -0.028 , -1.691 , 0
55.1 , 1.993 , 0.011 , -1.376 , 0
55.19 , 1.932 , 0.011 , -1.376 , 0
55.32 , 1.853 , -0.004 , -1.193 , 0
55.4 , 1.808 , 0.009 , -1.114 , 0
55.5 , 1.745 , 0.009 , -1.114 , 0
55.61 , 1.673 , -0.008 , -1.337 , 0
55.71 , 1.619 , -0.008 , -1.337 , 0
55.8 , 1.557 , -0.011 , -1.022 , 0
55.91 , 1.483 , -0.011 , -1.022 , 0
55.99 , 1.432 , -0.023 , -0.917 , 0
56.11 , 1.37 , -0.023 , -0.917 , 0
56.22 , 1.292 , -0.002 , -1.035 , 0
56.3 , 1.245 , -0.002 , -1.035 , 0
56.39 , 1.183 , 0.009 , -0.983 , 0
56.52 , 1.102 , 0.009 , -0.983 , 0
56.6 , 1.058 , -0.009 , -0.97 , 0
56.7 , 0.995 , -0.009 , -0.97 , 0
56.81 , 0.922 , -0.023 , -0.603 , 0
56.91 , 0.87 , -0.023 , -0.603 , 0
57.0 , 0.808 , 0.004 , -0.878 , 0
57.13 , 0.722 , 0.004 , -0.878 , 0
57.2 , 0.682 , -0.004 , -0.511 , 0
57.31 , 0.62 , -0.004 , -0.511 , 0
57.42 , 0.542 , -0.011 , -0.419 , 0
57.5 , 0.495 , 0.017 , -0.066 , 0
57.6 , 0.432 , 0.017 , -0.066 , 0
57.71 , 0.362 , -0.009 , -0.026 , 0
57.8 , 0.307 , -0.009 , -0.026 , 0
57.9 , 0.245 , 0.009 , 0.275 , 0
58.03 , 0.162 , 0.009 , 0.275 , 0
58.09 , 0.12 , -0.017 , 0.262 , 0
58.2 , 0.058 , -0.017 , 0.262 , 0
58.32 , -0.0 , -0.011 , 0.668 , 0
58.4 , -0.0 , -0.011 , 0.668 , 0
58.51 , 0.021 , 0.004 , 0.537 , 0
58.61 , 0.075 , 0.004 , 0.537 , 0
58.7 , 0.138 , 0.019 , 0.498 , 0
58.83 , 0.222 , 0.019 , 0.498 , 0
58.89 , 0.263 , 0.004 , 0.419 , 0
59.01 , 0.326 , 0.004 , 0.419 , 0
59.12 , 0.402 , 0.009 , 0.079 , 0
59.2 , 0.45 , 0.009 , 0.079 , 0
59.29 , 0.513 , -0.0 , 0.066 , 0
59.42 , 0.592 , -0.0 , 0.066 , 0
59.5 , 0.638 , -0.002 , -0.249 , 0
59.6 , 0.7 , -0.002 , -0.249 , 0
59.73 , 0.782 , -0.002 , -0.393 , 0
59.81 , 0.827 , 0.013 , -0.459 , 0
59.9 , 0.888 , 0.013 , -0.459 , 0
60.01 , 0.962 , -0.021 , -0.59 , 0
60.09 , 1.013 , -0.021 , -0.59 , 0
60.21 , 1.075 , 0.002 , -0.773 , 0
60.3 , 1.143 , 0.002 , -0.773 , 0
60.4 , 1.2 , -0.002 , -0.852 , 0
60.49 , 1.263 , -0.002 , -0.852 , 0
60.61 , 1.333 , -0.011 , -0.865 , 0
60.7 , 1.388 , -0.011 , -0.865 , 0
60.8 , 1.451 , -0.002 , -0.97 , 0
60.91 , 1.523 , -0.002 , -0.97 , 0
61.01 , 1.575 , -0.006 , -1.114 , 0
61.1 , 1.638 , -0.006 , -1.114 , 0
61.23 , 1.723 , -0.008 , -1.297 , 0
61.29 , 1.763 , -0.008 , -1.297 , 0
61.41 , 1.826 , -0.015 , -1.507 , 0
61.52 , 1.903 , -0.015 , -1.507 , 0
61.6 , 1.951 , -0.004 , -1.586 , 0
61.69 , 2.013 , -0.004 , -1.586 , 0
61.81 , 2.083 , 0.009 , -1.756 , 0
61.9 , 2.138 , -0.009 , -1.73 , 0
62.0 , 2.201 , -0.009 , -1.73 , 0
62.11 , 2.273 , -0.004 , -1.638 , 0
62.21 , 2.326 , -0.004 , -1.638 , 0
62.3 , 2.388 , -0.004 , -1.756 , 0
62.42 , 2.463 , -0.004 , -1.756 , 0
62.5 , 2.513 , 0.009 , -1.913 , 0
62.61 , 2.575 , 0.009 , -1.913 , 0
62.7 , 2.643 , 0.006 , -2.346 , 0
62.8 , 2.701 , 0.006 , -2.346 , 0
62.9 , 2.763 , -0.011 , -2.28 , 0
63.02 , 2.844 , -0.011 , -2.28 , 0
63.1 , 2.888 , -0.011 , -2.529 , 0
63.2 , 2.95 , -0.011 , -2.529 , 0
63.31 , 3.024 , -0.015 , -2.556 , 0
63.39 , 3.075 , -0.015 , -2.556 , 0
63.5 , 3.138 , 0.015 , -2.726 , 0
63.6 , 3.204 , 0.015 , -2.726 , 0
63.7 , 3.263 , 0.002 , -2.661 , 0
63.79 , 3.326 , 0.002 , -2.661 , 0
63.91 , 3.394 , -0.009 , -2.7 , 0
64.0 , 3.45 , -0.009 , -2.7 , 0
64.1 , 3.513 , -0.009 , -3.027 , 0
64.23 , 3.594 , -0.004 , -2.818 , 0
64.31 , 3.638 , -0.004 , -2.818 , 0
64.4 , 3.701 , 0.008 , -2.988 , 0
64.51 , 3.775 , 0.008 , -2.988 , 0
64.59 , 3.825 , 0.006 , -3.211 , 0
64.71 , 3.888 , 0.006 , -3.211 , 0
64.8 , 3.955 , -0.013 , -3.303 , 0
64.9 , 4.013 , -0.013 , -3.303 , 0
64.99 , 4.075 , -0.002 , -3.499 , 0
65.12 , 4.155 , -0.002 , -3.499 , 0
65.2 , 4.2 , -0.002 , -3.565 , 0
65.3 , 4.263 , -0.002 , -3.565 , 0
65.41 , 4.335 , -0.013 , -3.657 , 0
65.51 , 4.388 , -0.013 , -3.657 , 0
65.6 , 4.451 , -0.002 , -3.827 , 0
65.71 , 4.525 , -0.002 , -3.827 , 0
65.79 , 4.575 , -0.004 , -3.906 , 0
65.91 , 4.638 , -0.004 , -3.906 , 0
66.02 , 4.715 , -0.002 , -3.997 , 0
66.1 , 4.763 , -0.002 , -3.997 , 0
66.19 , 4.825 , 0.006 , -4.05 , 0
66.32 , 4.905 , 0.009 , -4.128 , 0
66.4 , 4.95 , 0.009 , -4.128 , 0
66.52 , 5.026 , 0.009 , -4.128 , 0
66.61 , 5.085 , 0.0 , -4.286 , 0
66.71 , 5.138 , -0.015 , -4.273 , 0
66.8 , 5.2 , -0.015 , -4.273 , 0
66.93 , 5.286 , -0.011 , -4.312 , 0
67.0 , 5.325 , -0.011 , -4.312 , 0
67.11 , 5.388 , -0.019 , -4.587 , 0
67.22 , 5.466 , -0.019 , -4.587 , 0
67.3 , 5.513 , 0.002 , -4.744 , 0
67.4 , 5.575 , 0.002 , -4.744 , 0
67.51 , 5.646 , 0.015 , -4.443 , 0
67.6 , 5.7 , 0.015 , -4.443 , 0
67.7 , 5.763 , -0.004 , -4.849 , 0
67.83 , 5.846 , -0.004 , -4.849 , 0
67.91 , 5.888 , -0.002 , -4.836 , 0
68.0 , 5.951 , -0.002 , -4.836 , 0
68.12 , 6.026 , -0.011 , -5.007 , 0
68.2 , 6.075 , -0.011 , -5.007 , 0
68.31 , 6.138 , 0.004 , -5.072 , 0
68.42 , 6.216 , 0.004 , -5.072 , 0
68.5 , 6.263 , -0.004 , -5.164 , 0
68.6 , 6.326 , 0.004 , -5.124 , 0
68.71 , 6.397 , 0.004 , -5.124 , 0
68.8 , 6.45 , 0.008 , -5.308 , 0
68.9 , 6.513 , 0.008 , -5.308 , 0
69.03 , 6.597 , -0.002 , -5.465 , 0
69.09 , 6.638 , -0.002 , -5.465 , 0
69.21 , 6.701 , -0.008 , -5.505 , 0
69.32 , 6.777 , -0.008 , -5.505 , 0
69.4 , 6.825 , -0.026 , -5.544 , 0
69.49 , 6.888 , -0.026 , -5.544 , 0
69.61 , 6.957 , -0.004 , -5.675 , 0
69.7 , 7.013 , -0.004 , -5.675 , 0
69.8 , 7.075 , 0.009 , -5.636 , 0
69.91 , 7.147 , 0.009 , -5.636 , 0
70.01 , 7.2 , -0.013 , -5.675 , 0
70.1 , 7.263 , -0.013 , -5.675 , 0
70.21 , 7.337 , -0.004 , -5.793 , 0
70.29 , 7.388 , -0.004 , -5.793 , 0
70.41 , 7.45 , 0.0 , -5.832 , 0
70.52 , 7.527 , 0.0 , -5.832 , 0
70.6 , 7.575 , 0.004 , -5.911 , 0
70.69 , 7.637 , 0.002 , -5.911 , 0
70.81 , 7.707 , 0.002 , -5.911 , 0
70.9 , 7.762 , 0.002 , -6.147 , 0
71.0 , 7.825 , 0.002 , -6.147 , 0
71.11 , 7.898 , -0.009 , -6.16 , 0
71.21 , 7.95 , -0.009 , -6.16 , 0
71.3 , 8.013 , -0.009 , -6.343 , 0
71.41 , 8.088 , -0.009 , -6.343 , 0
71.49 , 8.138 , 0.006 , -6.238 , 0
71.61 , 8.2 , 0.006 , -6.238 , 0
71.7 , 8.268 , -0.006 , -6.225 , 0
71.8 , 8.325 , -0.006 , -6.225 , 0
71.9 , 8.388 , -0.025 , -6.435 , 0
72.02 , 8.468 , -0.025 , -6.435 , 0
72.1 , 8.513 , 0.006 , -6.474 , 0
72.2 , 8.575 , 0.006 , -6.474 , 0
72.31 , 8.648 , -0.004 , -6.356 , 0
72.41 , 8.7 , -0.004 , -6.356 , 0
72.5 , 8.763 , -0.017 , -6.566 , 0
72.62 , 8.839 , -0.017 , -6.566 , 0
72.7 , 8.888 , -0.011 , -6.802 , 0
72.79 , 8.95 , -0.002 , -6.619 , 0
72.92 , 9.0 , -0.002 , -6.619 , 0
73.0 , 9.0 , -0.0 , -6.566 , 0
73.1 , 9.0 , -0.0 , -6.566 , 0
73.19 , 9.0 , 0.008 , -6.435 , 0
73.3 , 9.0 , 0.008 , -6.435 , 0
73.4 , 9.0 , -0.011 , -6.487 , 0
73.5 , 9.0 , -0.011 , -6.487 , 0
73.59 , 9.0 , -0.002 , 0.603 , 0
73.71 , 9.0 , -0.002 , 0.603 , 0
73.81 , 9.0 , 0.006 , 4.43 , 0
73.9 , 9.0 , 0.006 , 4.43 , 0
73.99 , 9.0 , 0.008 , 6.514 , 0
74.11 , 9.0 , 0.008 , 6.514 , 0
74.2 , 9.0 , 0.002 , 8.807 , 0
74.3 , 9.0 , 0.002 , 8.807 , 0
74.39 , 9.0 , -0.008 , 5.544 , 0
74.51 , 9.0 , -0.008 , 5.544 , 0
74.6 , 9.0 , 0.019 , 4.155 , 0
74.71 , 9.0 , 0.019 , 4.155 , 0
74.79 , 9.0 , 0.025 , 4.273 , 0
74.91 , 9.0 , 0.025 , 4.273 , 0
75.0 , 9.0 , -0.0 , 4.391 , 0
75.1 , 9.0 , 0.011 , 15.334 , 0
75.19 , 9.0 , 0.011 , 15.334 , 0
75.31 , 9.0 , 0.008 , 19.554 , 0
75.4 , 9.0 , 0.008 , 19.554 , 0
75.5 , 9.0 , 0.004 , 16.553 , 0
75.59 , 9.0 , 0.004 , 16.553 , 0
75.71 , 9.0 , -0.004 , 13.906 , 0
75.8 , 9.0 , -0.004 , 13.906 , 0
75.9 , 9.0 , -0.002 , 13.473 , 0
75.99 , 9.0 , -0.002 , 13.473 , 0
76.11 , 9.0 , -0.011 , 12.949 , 0
76.2 , 9.0 , -0.011 , 12.949 , 0
76.3 , 9.0 , 0.006 , 14.181 , 0
76.39 , 9.0 , 0.006 , 14.181 , 0
76.51 , 9.0 , -0.017 , 16.501 , 0
76.6 , 9.0 , -0.017 , 16.501 , 0
76.7 , 9.0 , -0.002 , 19.017 , 0
76.8 , 9.0 , -0.002 , 19.017 , 0
76.91 , 9.0 , 0.002 , 21.153 , 0
77.0 , 9.0 , 0.002 , 21.153 , 0
77.1 , 9.0 , -0.015 , 23.434 , 0
77.2 , 9.0 , 0.002 , 24.928 , 0
77.31 , 9.0 , 0.002 , 24.928 , 0
77.4 , 9.0 , 0.008 , 26.828 , 0
77.5 , 9.0 , 0.008 , 26.828 , 0
77.6 , 9.0 , -0.0 , 22.765 , 0
77.71 , 9.0 , -0.0 , 22.765 , 0
77.8 , 9.0 , 0.004 , 20.576 , 0
77.9 , 9.0 , 0.004 , 20.576 , 0
78.0 , 9.0 , -0.0 , 20.957 , 0
78.11 , 9.0 , -0.0 , 20.957 , 0
78.2 , 9.0 , 0.004 , 20.904 , 0
78.3 , 9.0 , 0.004 , 20.904 , 0
78.4 , 9.0 , 0.009 , 20.708 , 0
78.51 , 9.0 , 0.009 , 20.708 , 0
78.6 , 9.0 , -0.006 , 28.676 , 0
78.7 , 9.0 , -0.006 , 28.676 , 0
78.8 , 9.0 , -0.015 , 31.009 , 0
78.91 , 9.0 , -0.015 , 31.009 , 0
79.0 , 9.0 , -0.004 , 33.224 , 0
79.1 , 9.0 , -0.004 , 33.224 , 0
79.2 , 9.0 , -0.009 , 34.718 , 0
79.29 , 9.0 , 0.009 , 32.411 , 0
79.4 , 9.0 , 0.009 , 32.411 , 0
79.5 , 9.0 , 0.006 , 30.013 , 0
79.6 , 9.0 , 0.006 , 30.013 , 0
79.69 , 9.0 , -0.006 , 29.738 , 0
79.81 , 9.0 , -0.006 , 29.738 , 0
79.9 , 9.0 , 0.004 , 29.397 , 0
80.0 , 9.0 , 0.004 , 29.397 , 0
80.11 , 9.0 , -0.011 , 35.727 , 0
80.21 , 9.0 , -0.011 , 35.727 , 0
80.3 , 9.0 , 0.011 , 38.728 , 0
80.4 , 9.0 , 0.011 , 38.728 , 0
80.49 , 9.0 , 0.006 , 42.516 , 0
80.61 , 9.0 , 0.006 , 42.516 , 0
80.7 , 9.0 , -0.0 , 39.135 , 0
80.8 , 9.0 , -0.0 , 39.135 , 0
80.89 , 9.0 , -0.002 , 35.544 , 0
81.01 , 9.0 , -0.002 , 35.544 , 0
81.1 , 9.0 , -0.009 , 34.692 , 0
81.2 , 9.0 , -0.009 , 34.692 , 0
81.29 , 9.0 , 0.004 , 34.207 , 0
81.41 , 9.0 , 0.004 , 34.207 , 0
81.5 , 9.0 , -0.0 , 37.837 , 0
81.6 , 9.0 , -0.013 , 41.795 , 0
81.7 , 9.0 , -0.013 , 41.795 , 0
81.81 , 9.0 , 0.004 , 43.84 , 0
81.9 , 9.0 , 0.004 , 43.84 , 0
82.0 , 9.0 , 0.002 , 45.622 , 0
82.1 , 9.0 , 0.002 , 45.622 , 0
82.21 , 9.0 , 0.004 , 47.064 , 0
82.3 , 9.0 , 0.004 , 47.064 , 0
82.4 , 9.0 , -0.004 , 46.12 , 0
82.5 , 9.0 , -0.004 , 46.12 , 0
82.61 , 9.0 , -0.006 , 44.928 , 0
82.7 , 9.0 , -0.006 , 44.928 , 0
82.8 , 9.0 , -0.008 , 43.184 , 0
82.9 , 9.0 , -0.008 , 43.184 , 0
83.01 , 9.0 , -0.002 , 42.922 , 0
83.1 , 9.0 , -0.002 , 42.922 , 0
83.2 , 9.0 , 0.002 , 43.63 , 0
83.3 , 9.0 , 0.002 , 43.63 , 0
83.41 , 9.0 , 0.004 , 48.741 , 0
83.51 , 9.0 , 0.004 , 48.741 , 0
83.6 , 9.0 , -0.009 , 53.918 , 0
83.7 , 9.0 , 0.002 , 56.186 , 0
83.79 , 9.0 , 0.002 , 56.186 , 0
83.9 , 9.0 , -0.011 , 53.931 , 0
84.0 , 9.0 , -0.011 , 53.931 , 0
84.1 , 9.0 , 0.017 , 52.791 , 0
84.19 , 9.0 , 0.017 , 52.791 , 0
84.31 , 9.0 , -0.0 , 51.389 , 0
84.4 , 9.0 , -0.0 , 51.389 , 0
84.5 , 9.0 , -0.004 , 50.838 , 0
84.61 , 9.0 , -0.004 , 50.838 , 0
84.71 , 9.0 , -0.013 , 50.393 , 0
84.8 , 9.0 , -0.013 , 50.393 , 0
84.9 , 9.0 , -0.011 , 62.136 , 0
84.99 , 9.0 , -0.011 , 62.136 , 0
85.11 , 9.0 , 0.002 , 65.556 , 0
85.2 , 9.0 , 0.002 , 65.556 , 0
85.3 , 9.0 , -0.006 , 59.973 , 0
85.39 , 9.0 , -0.006 , 59.973 , 0
85.51 , 9.0 , -0.004 , 56.749 , 0
85.6 , 9.0 , -0.004 , 56.749 , 0
85.7 , 9.0 , -0.002 , 56.304 , 0
85.79 , 9.0 , -0.002 , 56.304 , 0
85.91 , 9.0 , -0.015 , 55.976 , 0
86.0 , 9.0 , -0.002 , 59.816 , 0
86.1 , 9.0 , -0.002 , 59.816 , 0
86.19 , 9.0 , 0.002 , 61.402 , 0
86.31 , 9.0 , 0.002 , 61.402 , 0
86.4 , 9.0 , -0.008 , 63.21 , 0
86.5 , 9.0 , -0.008 , 63.21 , 0
86.59 , 9.0 , -0.002 , 65.779 , 0
86.71 , 9.0 , -0.002 , 65.779 , 0
86.8 , 9.0 , -0.019 , 67.391 , 0
86.9 , 9.0 , -0.019 , 67.391 , 0
86.99 , 9.0 , 0.004 , 68.872 , 0
87.11 , 9.0 , 0.004 , 68.872 , 0
87.2 , 9.0 , 0.002 , 65.91 , 0
87.3 , 9.0 , 0.002 , 65.91 , 0
87.4 , 9.0 , -0.0 , 63.761 , 0
87.51 , 9.0 , -0.0 , 63.761 , 0
87.6 , 9.0 , -0.002 , 63.813 , 0
87.7 , 9.0 , -0.002 , 63.813 , 0
87.8 , 9.0 , -0.006 , 63.63 , 0
87.91 , 9.0 , -0.006 , 63.63 , 0
88.0 , 9.0 , 0.006 , 63.381 , 0
88.1 , 9.0 , -0.004 , 71.992 , 0
88.2 , 9.0 , -0.004 , 71.992 , 0
88.31 , 9.0 , -0.0 , 74.115 , 0
88.4 , 9.0 , -0.0 , 74.115 , 0
88.5 , 9.0 , 0.009 , 76.041 , 0
88.6 , 9.0 , 0.009 , 76.041 , 0
88.69 , 9.0 , 0.002 , 75.255 , 0
88.8 , 9.0 , 0.002 , 75.255 , 0
88.9 , 9.0 , 0.004 , 73.839 , 0
89.0 , 9.0 , 0.004 , 73.839 , 0
89.09 , 9.0 , -0.0 , 72.136 , 0
89.2 , 9.0 , -0.0 , 72.136 , 0
89.3 , 9.0 , -0.008 , 71.297 , 0
89.4 , 9.0 , -0.008 , 71.297 , 0
89.51 , 9.0 , -0.002 , 71.284 , 0
89.61 , 9.0 , -0.002 , 71.284 , 0
89.7 , 9.0 , -0.011 , 80.799 , 0
89.8 , 9.0 , -0.011 , 80.799 , 0
89.89 , 9.0 , -0.008 , 85.268 , 0
90.01 , 9.0 , -0.008 , 85.268 , 0
90.1 , 9.0 , -0.006 , 80.943 , 0
90.2 , 9.0 , -0.006 , 80.943 , 0
90.29 , 9.0 , 0.006 , 77.902 , 0
90.41 , 9.0 , -0.002 , 77.26 , 0
90.5 , 9.0 , -0.002 , 77.26 , 0
90.6 , 9.0 , -0.013 , 77.116 , 0
90.69 , 9.0 , -0.013 , 77.116 , 0
90.81 , 9.0 , -0.002 , 79.881 , 0
90.9 , 9.0 , -0.002 , 79.881 , 0
91.0 , 9.0 , 0.004 , 82.149 , 0
91.09 , 9.0 , 0.004 , 82.149 , 0
91.22 , 9.0 , 0.006 , 83.761 , 0
91.3 , 9.0 , 0.006 , 83.761 , 0
91.4 , 9.0 , -0.013 , 85.36 , 0
91.49 , 9.0 , -0.013 , 85.36 , 0
91.61 , 9.0 , -0.002 , 86.67 , 0
91.7 , 9.0 , -0.002 , 86.67 , 0
91.8 , 9.0 , -0.004 , 88.125 , 0
91.89 , 9.0 , -0.004 , 88.125 , 0
92.01 , 9.0 , 0.008 , 87.024 , 0
92.1 , 9.0 , 0.008 , 87.024 , 0
92.2 , 9.0 , 0.004 , 85.805 , 0
92.3 , 9.0 , 0.004 , 85.805 , 0
92.41 , 9.0 , 0.004 , 84.049 , 0
92.5 , 9.0 , -0.002 , 83.394 , 0
92.6 , 9.0 , -0.002 , 83.394 , 0
92.7 , 9.0 , -0.004 , 84.98 , 0
92.81 , 9.0 , -0.004 , 84.98 , 0
92.9 , 9.0 , -0.013 , 88.256 , 0
93.0 , 9.0 , -0.013 , 88.256 , 0
93.1 , 9.0 , -0.009 , 92.293 , 0
93.21 , 9.0 , -0.009 , 92.293 , 0
93.3 , 9.0 , 0.004 , 94.586 , 0
93.4 , 9.0 , 0.004 , 94.586 , 0
93.5 , 9.0 , -0.013 , 95.753 , 0
93.59 , 9.0 , -0.013 , 95.753 , 0
93.7 , 9.0 , 0.006 , 93.512 , 0
93.8 , 9.0 , 0.006 , 93.512 , 0
93.9 , 9.0 , -0.009 , 91.821 , 0
93.99 , 9.0 , -0.009 , 91.821 , 0
94.11 , 9.0 , -0.004 , 91.467 , 0
94.2 , 9.0 , -0.004 , 91.467 , 0
94.31 , 9.0 , -0.002 , 90.864 , 0
94.39 , 9.0 , -0.002 , 90.864 , 0
94.51 , 9.0 , -0.009 , 96.775 , 0
94.6 , 9.0 , -0.009 , 96.775 , 0
94.7 , 9.0 , -0.009 , 97.758 , 0
94.79 , 9.0 , -0.008 , 102.227 , 0
94.91 , 9.0 , -0.008 , 102.227 , 0
95.0 , 9.0 , -0.011 , 100.668 , 0
95.1 , 9.0 , -0.011 , 100.668 , 0
95.19 , 9.0 , 0.006 , 98.479 , 0
95.31 , 9.0 , 0.006 , 98.479 , 0
95.4 , 9.0 , -0.008 , 97.339 , 0
95.5 , 9.0 , -0.008 , 97.339 , 0
95.59 , 9.0 , -0.006 , 96.618 , 0
95.71 , 9.0 , -0.006 , 96.618 , 0
95.8 , 9.0 , 0.006 , 96.631 , 0
95.9 , 9.0 , 0.006 , 96.631 , 0
95.99 , 9.0 , -0.004 , 97.81 , 0
96.11 , 9.0 , -0.004 , 97.81 , 0
96.2 , 9.0 , -0.0 , 99.671 , 0
96.3 , 9.0 , -0.0 , 99.671 , 0
96.39 , 9.0 , -0.008 , 101.808 , 0
96.51 , 9.0 , -0.008 , 101.808 , 0
96.61 , 9.0 , -0.0 , 103.184 , 0
96.71 , 9.0 , -0.0 , 103.184 , 0
96.81 , 9.0 , 0.011 , 104.377 , 0
96.91 , 9.0 , -0.006 , 106.067 , 0
97.0 , 9.0 , -0.006 , 106.067 , 0
97.1 , 9.0 , -0.006 , 107.955 , 0
97.19 , 9.0 , -0.006 , 107.955 , 0
97.31 , 9.0 , -0.013 , 104.363 , 0
97.4 , 9.0 , -0.013 , 104.363 , 0
97.5 , 9.0 , 0.006 , 101.834 , 0
97.6 , 9.0 , 0.006 , 101.834 , 0
97.71 , 9.0 , 0.006 , 101.533 , 0
97.8 , 9.0 , 0.006 , 101.533 , 0
97.9 , 9.0 , -0.011 , 101.441 , 0
98.01 , 9.0 , -0.011 , 101.441 , 0
98.11 , 9.0 , 0.004 , 105.766 , 0
98.2 , 9.0 , 0.004 , 105.766 , 0
98.3 , 9.0 , -0.008 , 108.099 , 0
98.4 , 9.0 , -0.008 , 108.099 , 0
98.51 , 9.0 , 0.002 , 110.432 , 0
98.6 , 9.0 , 0.002 , 110.432 , 0
98.7 , 9.0 , -0.0 , 112.083 , 0
98.8 , 9.0 , -0.0 , 112.083 , 0
98.89 , 9.0 , 0.004 , 113.59 , 0
99.0 , 9.0 , 0.004 , 113.59 , 0
99.1 , 9.0 , -0.009 , 111.27 , 0
99.2 , 9.0 , 0.0 , 109.016 , 0
99.31 , 9.0 , 0.0 , 109.016 , 0
