ech1_14
Time , Disp, Load , Pressure, Volume
0.09 , 0.025 , -0.008 , 6.396 , -1.8
0.18 , 0.085 , -0.006 , 6.422 , -1.8
0.3 , 0.148 , -0.006 , 6.422 , -1.8
0.39 , 0.215 , -0.002 , 6.435 , -1.8
0.49 , 0.273 , -0.002 , 6.435 , -1.8
0.58 , 0.336 , -0.002 , 6.042 , -1.8
0.71 , 0.416 , -0.002 , 6.042 , -1.8
0.79 , 0.461 , -0.006 , 5.95 , -1.8
0.89 , 0.523 , -0.006 , 5.95 , -1.8
1.02 , 0.606 , -0.004 , 5.688 , -1.8
1.1 , 0.648 , -0.004 , 5.688 , -1.8
1.19 , 0.711 , -0.013 , 5.518 , -1.8
1.32 , 0.796 , -0.013 , 5.518 , -1.8
1.38 , 0.836 , -0.006 , 5.282 , -1.8
1.5 , 0.899 , -0.006 , 5.282 , -1.8
1.61 , 0.976 , -0.004 , 5.033 , -1.8
1.69 , 1.023 , -0.004 , 5.033 , -1.8
1.78 , 1.086 , -0.011 , 4.889 , -1.8
1.91 , 1.166 , -0.011 , 4.889 , -1.8
1.99 , 1.211 , -0.009 , 4.889 , -1.8
2.09 , 1.274 , -0.013 , 4.705 , -1.8
2.22 , 1.356 , -0.013 , 4.705 , -1.8
2.3 , 1.398 , -0.013 , 4.482 , -1.8
2.39 , 1.461 , -0.013 , 4.482 , -1.8
2.52 , 1.546 , 0.002 , 4.417 , -1.8
2.58 , 1.586 , 0.002 , 4.417 , -1.8
2.7 , 1.648 , -0.006 , 4.207 , -1.8
2.81 , 1.726 , -0.006 , 4.207 , -1.8
2.89 , 1.773 , -0.009 , 3.866 , -1.8
2.98 , 1.836 , -0.009 , 3.866 , -1.8
3.11 , 1.916 , -0.006 , 3.906 , -1.8
3.19 , 1.961 , -0.006 , 3.906 , -1.8
3.29 , 2.023 , -0.002 , 3.604 , -1.8
3.4 , 2.097 , -0.002 , 3.604 , -1.8
3.48 , 2.148 , -0.009 , 3.617 , -1.8
3.59 , 2.211 , -0.009 , 3.617 , -1.8
3.69 , 2.277 , -0.011 , 3.46 , -1.8
3.79 , 2.336 , -0.011 , 3.46 , -1.8
3.88 , 2.399 , 0.0 , 3.237 , -1.8
3.99 , 2.467 , 0.0 , 3.237 , -1.8
4.09 , 2.524 , -0.009 , 3.159 , -1.8
4.19 , 2.586 , -0.006 , 3.001 , -1.8
4.3 , 2.657 , -0.006 , 3.001 , -1.8
4.39 , 2.711 , -0.004 , 2.857 , -1.8
4.49 , 2.774 , -0.004 , 2.857 , -1.8
4.6 , 2.847 , -0.009 , 2.608 , -1.8
4.68 , 2.898 , -0.009 , 2.608 , -1.8
4.79 , 2.961 , 0.006 , 2.49 , -1.8
4.91 , 3.037 , 0.006 , 2.49 , -1.8
4.99 , 3.086 , -0.009 , 2.451 , -1.8
5.08 , 3.149 , -0.009 , 2.451 , -1.8
5.19 , 3.218 , -0.004 , 2.438 , -1.8
5.29 , 3.273 , -0.004 , 2.438 , -1.8
5.39 , 3.336 , -0.011 , 2.202 , -1.8
5.52 , 3.418 , -0.011 , 2.202 , -1.8
5.6 , 3.461 , -0.013 , 2.176 , -1.8
5.69 , 3.524 , -0.013 , 2.176 , -1.8
5.8 , 3.598 , -0.002 , 1.966 , -1.8
5.88 , 3.649 , -0.002 , 1.966 , -1.8
6.0 , 3.711 , -0.002 , 1.756 , -1.8
6.09 , 3.778 , -0.002 , 1.756 , -1.8
6.19 , 3.836 , -0.006 , 1.743 , -1.8
6.28 , 3.898 , 0.004 , 1.547 , -1.8
6.41 , 3.978 , 0.004 , 1.547 , -1.8
6.49 , 4.023 , -0.008 , 1.547 , -1.8
6.59 , 4.086 , -0.008 , 1.547 , -1.8
6.7 , 4.158 , -0.017 , 1.337 , -1.8
6.8 , 4.211 , -0.017 , 1.337 , -1.8
6.89 , 4.273 , -0.008 , 1.18 , -1.8
7.0 , 4.348 , -0.008 , 1.18 , -1.8
7.08 , 4.399 , 0.008 , 0.97 , -1.8
7.2 , 4.461 , 0.008 , 0.97 , -1.8
7.31 , 4.538 , -0.002 , 0.983 , -1.8
7.39 , 4.586 , -0.002 , 0.983 , -1.8
7.48 , 4.648 , -0.009 , 0.826 , -1.8
7.61 , 4.729 , -0.009 , 0.826 , -1.8
7.69 , 4.774 , -0.0 , 0.616 , -1.8
7.79 , 4.836 , -0.0 , 0.616 , -1.8
7.92 , 4.919 , -0.002 , 0.655 , -1.8
8.0 , 4.961 , -0.002 , 0.655 , -1.8
8.09 , 5.023 , -0.004 , 0.55 , -1.8
8.2 , 5.099 , -0.004 , 0.55 , -1.8
8.29 , 5.149 , 0.008 , 0.472 , -1.8
8.4 , 5.211 , 0.008 , 0.472 , -1.8
8.49 , 5.279 , -0.011 , 0.288 , -1.8
8.59 , 5.336 , -0.008 , 0.21 , -1.8
8.69 , 5.399 , -0.008 , 0.21 , -1.8
8.81 , 5.479 , -0.017 , 0.183 , -1.8
8.89 , 5.523 , -0.017 , 0.183 , -1.8
8.99 , 5.586 , -0.008 , 0.026 , -1.8
9.12 , 5.669 , -0.008 , 0.026 , -1.8
9.2 , 5.711 , -0.009 , -0.118 , -1.8
9.29 , 5.773 , -0.009 , -0.118 , -1.8
9.42 , 5.86 , -0.011 , -0.315 , -1.8
9.49 , 5.898 , -0.011 , -0.315 , -1.8
9.58 , 5.961 , -0.009 , -0.367 , -1.8
9.71 , 6.04 , -0.009 , -0.367 , -1.8
9.79 , 6.086 , -0.002 , -0.393 , -1.8
9.89 , 6.149 , -0.002 , -0.393 , -1.8
10.01 , 6.23 , -0.004 , -0.655 , -1.8
10.09 , 6.273 , -0.004 , -0.655 , -1.8
10.19 , 6.336 , -0.011 , -0.826 , -1.8
10.32 , 6.42 , -0.011 , -0.826 , -1.8
10.38 , 6.461 , -0.002 , -0.695 , -1.8
10.49 , 6.523 , -0.002 , -0.695 , -1.8
10.61 , 6.6 , -0.015 , -0.865 , -1.8
10.69 , 6.649 , 0.008 , -1.009 , -1.8
10.78 , 6.711 , 0.008 , -1.009 , -1.8
10.89 , 6.78 , -0.004 , -1.035 , -1.8
10.99 , 6.835 , -0.004 , -1.035 , -1.8
11.09 , 6.898 , -0.011 , -0.904 , -1.8
11.2 , 6.97 , -0.011 , -0.904 , -1.8
11.3 , 7.023 , -0.004 , -1.193 , -1.8
11.39 , 7.086 , -0.004 , -1.193 , -1.8
11.5 , 7.16 , -0.023 , -1.468 , -1.8
11.58 , 7.211 , -0.023 , -1.468 , -1.8
11.7 , 7.273 , 0.004 , -1.415 , -1.8
11.79 , 7.34 , 0.004 , -1.415 , -1.8
11.89 , 7.398 , -0.002 , -1.389 , -1.8
11.98 , 7.461 , -0.002 , -1.389 , -1.8
12.1 , 7.53 , -0.004 , -1.52 , -1.8
12.19 , 7.586 , -0.004 , -1.52 , -1.8
12.29 , 7.648 , 0.004 , -1.678 , -1.8
12.4 , 7.721 , 0.004 , -1.678 , -1.8
12.5 , 7.773 , -0.013 , -1.796 , -1.8
12.59 , 7.836 , -0.013 , -1.796 , -1.8
12.7 , 7.911 , -0.011 , -2.005 , -1.8
12.78 , 7.961 , -0.011 , -2.005 , -1.8
12.9 , 8.023 , -0.006 , -2.018 , -1.8
12.99 , 8.091 , 0.004 , -2.045 , -1.8
13.09 , 8.148 , 0.004 , -2.045 , -1.8
13.18 , 8.211 , -0.013 , -2.11 , -1.8
13.31 , 8.291 , -0.013 , -2.11 , -1.8
13.39 , 8.336 , 0.0 , -2.228 , -1.8
13.49 , 8.398 , 0.0 , -2.228 , -1.8
13.62 , 8.481 , 0.004 , -2.215 , -1.8
13.7 , 8.523 , 0.004 , -2.215 , -1.8
13.79 , 8.586 , 0.009 , -2.333 , -1.8
13.91 , 8.661 , 0.009 , -2.333 , -1.8
13.98 , 8.711 , -0.011 , -2.215 , -1.8
14.1 , 8.774 , -0.011 , -2.215 , -1.8
14.21 , 8.852 , -0.004 , -2.412 , -1.8
14.29 , 8.898 , -0.004 , -2.412 , -1.8
14.39 , 8.961 , 0.002 , -2.516 , -1.8
14.51 , 9.041 , 0.002 , -2.516 , -1.8
14.59 , 9.086 , -0.008 , -2.543 , -1.8
14.69 , 9.148 , -0.008 , -2.543 , -1.8
14.82 , 9.232 , -0.002 , -2.556 , -1.8
14.88 , 9.273 , -0.002 , -2.556 , -1.8
14.99 , 9.336 , 0.002 , -2.621 , -1.8
15.11 , 9.412 , -0.002 , -2.818 , -1.8
15.19 , 9.461 , -0.002 , -2.818 , -1.8
15.28 , 9.523 , 0.004 , -2.621 , -1.8
15.39 , 9.592 , 0.004 , -2.621 , -1.8
15.49 , 9.648 , -0.006 , -2.674 , -1.8
15.59 , 9.711 , -0.006 , -2.674 , -1.8
15.7 , 9.782 , -0.015 , -2.87 , -1.8
15.79 , 9.836 , -0.015 , -2.87 , -1.8
15.89 , 9.898 , -0.004 , -2.739 , -1.8
16.0 , 9.972 , -0.004 , -2.739 , -1.8
16.08 , 10.023 , -0.008 , -2.765 , -1.8
16.19 , 10.086 , -0.008 , -2.765 , -1.8
16.29 , 10.152 , 0.004 , -2.805 , -1.8
16.39 , 10.211 , 0.004 , -2.805 , -1.8
16.48 , 10.273 , -0.004 , -3.106 , -1.8
16.59 , 10.342 , -0.004 , -3.106 , -1.8
16.69 , 10.398 , -0.006 , -3.119 , -1.8
16.79 , 10.46 , -0.006 , -3.119 , -1.8
16.9 , 10.533 , -0.006 , -2.962 , -1.8
17.0 , 10.586 , -0.006 , -2.962 , -1.8
17.09 , 10.648 , -0.011 , -2.949 , -1.8
17.2 , 10.723 , 0.008 , -3.172 , -1.8
17.28 , 10.773 , 0.008 , -3.172 , -1.8
17.4 , 10.836 , -0.006 , -3.25 , -1.8
17.49 , 10.903 , -0.006 , -3.25 , -1.8
17.59 , 10.96 , -0.009 , -3.172 , -1.8
17.68 , 11.023 , -0.009 , -3.172 , -1.8
17.8 , 11.093 , -0.008 , -3.185 , -1.8
17.89 , 11.148 , -0.008 , -3.185 , -1.8
17.99 , 11.211 , -0.009 , -3.132 , -1.8
18.12 , 11.293 , -0.009 , -3.132 , -1.8
18.2 , 11.336 , 0.011 , -3.185 , -1.8
18.29 , 11.398 , 0.011 , -3.185 , -1.8
18.4 , 11.473 , -0.004 , -3.25 , -1.8
18.48 , 11.523 , -0.004 , -3.25 , -1.8
18.6 , 11.586 , -0.008 , -3.316 , -1.8
18.71 , 11.663 , -0.008 , -3.316 , -1.8
18.79 , 11.711 , 0.004 , -3.303 , -1.8
18.88 , 11.773 , 0.004 , -3.303 , -1.8
19.0 , 11.844 , -0.009 , -3.368 , -1.8
19.09 , 11.898 , -0.009 , -3.368 , -1.8
19.19 , 11.962 , -0.004 , -3.381 , -1.8
19.32 , 12.044 , -0.004 , -3.381 , -1.8
19.4 , 12.086 , 0.009 , -3.539 , -1.8
19.49 , 12.149 , -0.0 , -3.224 , -1.8
19.61 , 12.224 , -0.0 , -3.224 , -1.8
19.69 , 12.273 , -0.006 , -3.473 , -1.8
19.8 , 12.336 , -0.006 , -3.473 , -1.8
19.91 , 12.414 , -0.004 , -3.473 , -1.8
19.99 , 12.461 , -0.004 , -3.473 , -1.8
20.09 , 12.523 , -0.013 , -3.434 , -1.8
20.21 , 12.604 , -0.013 , -3.434 , -1.8
20.29 , 12.648 , -0.011 , -3.46 , -1.8
20.39 , 12.711 , -0.011 , -3.46 , -1.8
20.5 , 12.784 , -0.002 , -3.447 , -1.8
20.58 , 12.836 , -0.002 , -3.447 , -1.8
20.69 , 12.899 , -0.004 , -3.355 , -1.8
20.81 , 12.974 , -0.004 , -3.355 , -1.8
20.89 , 13.023 , -0.013 , -3.421 , -1.8
20.98 , 13.086 , -0.013 , -3.421 , -1.8
21.09 , 13.155 , -0.0 , -3.539 , -1.8
21.19 , 13.211 , -0.0 , -3.539 , -1.8
21.29 , 13.273 , -0.004 , -3.473 , -1.8
21.41 , 13.355 , -0.004 , -3.473 , -1.8
21.49 , 13.398 , -0.0 , -3.539 , -1.8
21.59 , 13.46 , -0.0 , -3.539 , -1.8
21.72 , 13.545 , -0.006 , -3.643 , -1.8
21.78 , 13.586 , 0.002 , -3.604 , -1.8
21.9 , 13.648 , 0.002 , -3.604 , -1.8
22.01 , 13.725 , -0.004 , -3.394 , -1.8
22.09 , 13.773 , -0.004 , -3.394 , -1.8
22.18 , 13.836 , -0.002 , -3.512 , -1.8
22.31 , 13.915 , -0.002 , -3.512 , -1.8
22.39 , 13.961 , -0.002 , -3.421 , -1.8
22.49 , 14.023 , -0.002 , -3.421 , -1.8
22.62 , 14.105 , -0.006 , -3.683 , -1.8
22.7 , 14.15 , -0.006 , -3.683 , -1.8
22.79 , 14.211 , -0.013 , -3.657 , -1.8
22.92 , 14.295 , -0.013 , -3.657 , -1.8
22.98 , 14.336 , -0.013 , -3.512 , -1.8
23.1 , 14.398 , -0.013 , -3.512 , -1.8
23.21 , 14.475 , -0.015 , -3.67 , -1.8
23.29 , 14.523 , -0.015 , -3.67 , -1.8
23.38 , 14.586 , -0.009 , -3.604 , -1.8
23.5 , 14.656 , -0.009 , -3.604 , -1.8
23.59 , 14.711 , -0.004 , -3.63 , -1.8
23.69 , 14.773 , -0.004 , -3.63 , -1.8
23.8 , 14.845 , -0.008 , -3.643 , -1.8
23.9 , 14.898 , -0.004 , -3.486 , -1.8
23.99 , 14.961 , -0.004 , -3.486 , -1.8
24.1 , 15.036 , 0.009 , -3.526 , -1.8
24.18 , 15.086 , 0.009 , -3.526 , -1.8
24.3 , 15.148 , 0.043 , -3.355 , -1.8
24.39 , 15.216 , 0.043 , -3.355 , -1.8
24.49 , 15.273 , 0.07 , -3.565 , -1.8
24.58 , 15.335 , 0.07 , -3.565 , -1.8
24.7 , 15.406 , 0.091 , -3.46 , -1.8
24.79 , 15.461 , 0.091 , -3.46 , -1.8
24.89 , 15.523 , 0.126 , -3.591 , -1.8
25.0 , 15.596 , 0.126 , -3.591 , -1.8
25.1 , 15.648 , 0.142 , -3.394 , -1.8
25.19 , 15.711 , 0.142 , -3.394 , -1.8
25.32 , 15.796 , 0.168 , -3.67 , -1.8
25.39 , 15.835 , 0.168 , -3.67 , -1.8
25.48 , 15.898 , 0.204 , -3.486 , -1.8
25.61 , 15.976 , 0.204 , -3.486 , -1.8
25.69 , 16.023 , 0.208 , -3.539 , -1.8
25.79 , 16.086 , 0.208 , -3.539 , -1.8
25.9 , 16.157 , 0.26 , -3.617 , -1.8
25.99 , 16.21 , 0.26 , -3.617 , -1.8
26.09 , 16.273 , 0.272 , -3.63 , -1.8
26.22 , 16.357 , 0.302 , -3.539 , -1.8
26.3 , 16.404 , 0.302 , -3.539 , -1.8
26.39 , 16.46 , 0.323 , -3.827 , -1.8
26.52 , 16.547 , 0.323 , -3.827 , -1.8
26.59 , 16.587 , 0.317 , -3.748 , -1.8
26.68 , 16.648 , 0.317 , -3.748 , -1.8
26.81 , 16.727 , 0.328 , -3.591 , -1.8
26.89 , 16.773 , 0.328 , -3.591 , -1.8
26.99 , 16.836 , 0.338 , -3.788 , -1.8
27.11 , 16.917 , 0.338 , -3.788 , -1.8
27.19 , 16.96 , 0.347 , -3.696 , -1.8
27.29 , 17.023 , 0.347 , -3.696 , -1.8
27.42 , 17.107 , 0.366 , -3.945 , -1.8
27.5 , 17.155 , 0.366 , -3.945 , -1.8
27.6 , 17.211 , 0.366 , -3.788 , -1.8
27.72 , 17.297 , 0.366 , -3.788 , -1.8
27.8 , 17.341 , 0.37 , -3.866 , -1.8
27.88 , 17.398 , 0.37 , -3.866 , -1.8
28.03 , 17.488 , 0.385 , -3.853 , -1.8
28.11 , 17.533 , 0.394 , -3.853 , -1.8
28.19 , 17.585 , 0.394 , -3.853 , -1.8
28.32 , 17.668 , 0.408 , -4.024 , -1.8
28.4 , 17.717 , 0.408 , -4.024 , -1.8
28.49 , 17.773 , 0.43 , -3.801 , -1.8
28.62 , 17.858 , 0.43 , -3.801 , -1.8
28.68 , 17.898 , 0.449 , -3.984 , -1.8
28.8 , 17.961 , 0.449 , -3.984 , -1.8
28.91 , 18.0 , 0.478 , -3.866 , -1.8
28.99 , 18.0 , 0.478 , -3.866 , -1.8
29.1 , 17.979 , 0.491 , -3.919 , -1.8
29.2 , 17.926 , 0.491 , -3.919 , -1.8
29.29 , 17.863 , 0.483 , -4.142 , -1.8
29.42 , 17.778 , 0.483 , -4.142 , -1.8
29.48 , 17.739 , 0.43 , -4.259 , -1.8
29.6 , 17.676 , 0.43 , -4.259 , -1.8
29.71 , 17.598 , 0.323 , -4.443 , -1.8
29.79 , 17.551 , 0.323 , -4.443 , -1.8
29.88 , 17.488 , 0.211 , -4.653 , -1.8
30.0 , 17.418 , 0.211 , -4.653 , -1.8
30.09 , 17.364 , 0.145 , -4.705 , -1.8
30.19 , 17.301 , 0.145 , -4.705 , -1.8
30.32 , 17.218 , 0.062 , -4.744 , -1.8
30.4 , 17.176 , 0.021 , -5.138 , -1.8
30.49 , 17.113 , 0.021 , -5.138 , -1.8
30.62 , 17.028 , 0.008 , -5.007 , -1.8
30.69 , 16.988 , 0.008 , -5.007 , -1.8
30.8 , 16.926 , -0.017 , -5.059 , -1.8
30.91 , 16.848 , -0.017 , -5.059 , -1.8
30.99 , 16.801 , -0.006 , -5.098 , -1.8
31.09 , 16.738 , -0.006 , -5.098 , -1.8
31.2 , 16.668 , -0.011 , -5.321 , -1.8
31.29 , 16.613 , -0.011 , -5.321 , -1.8
31.39 , 16.551 , 0.002 , -5.164 , -1.8
31.52 , 16.467 , 0.002 , -5.164 , -1.8
31.58 , 16.426 , 0.006 , -5.242 , -1.8
31.69 , 16.363 , 0.006 , -5.242 , -1.8
31.81 , 16.287 , -0.009 , -5.124 , -1.8
31.89 , 16.238 , -0.009 , -5.124 , -1.8
31.98 , 16.176 , -0.002 , -5.216 , -1.8
32.11 , 16.097 , -0.002 , -5.216 , -1.8
32.19 , 16.051 , 0.006 , -5.256 , -1.8
32.29 , 15.989 , 0.006 , -5.256 , -1.8
32.41 , 15.907 , -0.0 , -5.295 , -1.8
32.49 , 15.863 , -0.0 , -5.295 , -1.8
32.59 , 15.801 , -0.002 , -5.072 , -1.8
32.7 , 15.727 , -0.013 , -5.308 , -1.8
32.78 , 15.676 , -0.013 , -5.308 , -1.8
32.89 , 15.614 , -0.0 , -5.295 , -1.8
33.01 , 15.537 , -0.0 , -5.295 , -1.8
33.09 , 15.488 , 0.0 , -5.216 , -1.8
33.18 , 15.426 , 0.0 , -5.216 , -1.8
33.29 , 15.357 , 0.002 , -5.295 , -1.8
33.39 , 15.301 , 0.002 , -5.295 , -1.8
33.49 , 15.238 , -0.002 , -5.203 , -1.8
33.6 , 15.167 , -0.002 , -5.203 , -1.8
33.7 , 15.114 , 0.0 , -5.308 , -1.8
33.79 , 15.051 , 0.0 , -5.308 , -1.8
33.92 , 14.966 , -0.006 , -5.098 , -1.8
33.98 , 14.926 , -0.006 , -5.098 , -1.8
34.1 , 14.863 , -0.042 , -5.177 , -1.8
34.21 , 14.786 , -0.042 , -5.177 , -1.8
34.29 , 14.738 , -0.015 , -5.02 , -1.8
34.38 , 14.676 , -0.015 , -5.02 , -1.8
34.51 , 14.596 , -0.009 , -5.138 , -1.8
34.59 , 14.551 , -0.009 , -5.138 , -1.8
34.69 , 14.488 , -0.004 , -4.862 , -1.8
34.82 , 14.406 , 0.002 , -4.875 , -1.8
34.9 , 14.363 , 0.002 , -4.875 , -1.8
34.99 , 14.301 , 0.011 , -4.941 , -1.8
35.1 , 14.226 , 0.011 , -4.941 , -1.8
35.18 , 14.176 , -0.021 , -4.902 , -1.8
35.3 , 14.113 , -0.021 , -4.902 , -1.8
35.41 , 14.036 , -0.008 , -4.692 , -1.8
35.49 , 13.988 , -0.008 , -4.692 , -1.8
35.58 , 13.926 , -0.002 , -4.757 , -1.8
35.71 , 13.846 , -0.002 , -4.757 , -1.8
35.79 , 13.801 , -0.002 , -4.666 , -1.8
35.89 , 13.738 , -0.002 , -4.666 , -1.8
36.02 , 13.656 , -0.017 , -4.731 , -1.8
36.1 , 13.613 , -0.017 , -4.731 , -1.8
36.19 , 13.551 , -0.009 , -4.6 , -1.8
36.32 , 13.466 , -0.009 , -4.6 , -1.8
36.39 , 13.426 , 0.008 , -4.338 , -1.8
36.5 , 13.363 , 0.008 , -4.338 , -1.8
36.61 , 13.285 , 0.013 , -4.364 , -1.8
36.69 , 13.239 , 0.013 , -4.364 , -1.8
36.79 , 13.176 , -0.0 , -4.404 , -1.8
36.9 , 13.105 , 0.004 , -4.312 , -1.8
36.99 , 13.051 , 0.004 , -4.312 , -1.8
37.09 , 12.988 , -0.004 , -3.984 , -1.8
37.22 , 12.905 , -0.004 , -3.984 , -1.8
37.28 , 12.863 , -0.008 , -4.05 , -1.8
37.39 , 12.801 , -0.008 , -4.05 , -1.8
37.51 , 12.725 , 0.002 , -4.05 , -1.8
37.59 , 12.676 , 0.002 , -4.05 , -1.8
37.68 , 12.614 , -0.009 , -3.853 , -1.8
37.81 , 12.535 , -0.009 , -3.853 , -1.8
37.89 , 12.488 , -0.009 , -3.997 , -1.8
37.99 , 12.426 , -0.009 , -3.997 , -1.8
38.1 , 12.355 , 0.004 , -3.997 , -1.8
38.19 , 12.301 , 0.004 , -3.997 , -1.8
38.29 , 12.238 , -0.006 , -3.801 , -1.8
38.4 , 12.165 , -0.006 , -3.801 , -1.8
38.48 , 12.114 , 0.009 , -3.552 , -1.8
38.59 , 12.051 , 0.009 , -3.552 , -1.8
38.71 , 11.974 , -0.006 , -3.67 , -1.8
38.79 , 11.926 , -0.006 , -3.67 , -1.8
38.88 , 11.863 , -0.006 , -3.67 , -1.8
39.01 , 11.784 , -0.006 , -3.67 , -1.8
39.09 , 11.739 , 0.002 , -3.447 , -1.8
39.19 , 11.676 , 0.015 , -3.237 , -1.8
39.32 , 11.594 , 0.015 , -3.237 , -1.8
39.4 , 11.551 , -0.017 , -3.565 , -1.8
39.49 , 11.488 , -0.017 , -3.565 , -1.8
39.6 , 11.414 , -0.008 , -3.316 , -1.8
39.68 , 11.364 , -0.008 , -3.316 , -1.8
39.8 , 11.301 , 0.006 , -3.145 , -1.8
39.91 , 11.224 , 0.006 , -3.145 , -1.8
39.99 , 11.176 , -0.013 , -3.25 , -1.8
40.08 , 11.114 , -0.013 , -3.25 , -1.8
40.21 , 11.034 , 0.002 , -3.08 , -1.8
40.29 , 10.988 , 0.002 , -3.08 , -1.8
40.39 , 10.926 , -0.008 , -2.949 , -1.8
40.5 , 10.854 , -0.008 , -2.949 , -1.8
40.6 , 10.801 , -0.002 , -2.883 , -1.8
40.69 , 10.738 , -0.002 , -2.883 , -1.8
40.8 , 10.664 , 0.0 , -2.7 , -1.8
40.88 , 10.612 , 0.0 , -2.7 , -1.8
41.0 , 10.551 , -0.013 , -2.805 , -1.8
41.09 , 10.483 , -0.013 , -2.805 , -1.8
41.19 , 10.426 , 0.002 , -2.556 , -1.8
41.28 , 10.364 , 0.004 , -2.726 , -1.8
41.4 , 10.293 , 0.004 , -2.726 , -1.8
41.49 , 10.239 , -0.0 , -2.7 , -1.8
41.59 , 10.176 , -0.0 , -2.7 , -1.8
41.7 , 10.103 , -0.002 , -2.503 , -1.8
41.8 , 10.051 , -0.002 , -2.503 , -1.8
41.89 , 9.988 , 0.002 , -2.359 , -1.8
42.01 , 9.913 , 0.002 , -2.359 , -1.8
42.09 , 9.863 , -0.0 , -2.28 , -1.8
42.2 , 9.801 , -0.0 , -2.28 , -1.8
42.31 , 9.723 , 0.008 , -2.136 , -1.8
42.39 , 9.676 , 0.008 , -2.136 , -1.8
42.49 , 9.613 , 0.006 , -2.32 , -1.8
42.61 , 9.533 , 0.006 , -2.32 , -1.8
42.69 , 9.488 , -0.015 , -2.018 , -1.8
42.79 , 9.426 , -0.015 , -2.018 , -1.8
42.9 , 9.352 , 0.015 , -1.94 , -1.8
42.98 , 9.301 , 0.015 , -1.94 , -1.8
43.09 , 9.239 , -0.006 , -1.927 , -1.8
43.21 , 9.162 , -0.006 , -1.927 , -1.8
43.29 , 9.114 , 0.015 , -1.625 , -1.8
43.38 , 9.051 , 0.015 , -1.625 , -1.8
43.49 , 8.982 , 0.002 , -1.717 , -1.8
43.59 , 8.926 , -0.004 , -1.717 , -1.8
43.69 , 8.863 , -0.004 , -1.717 , -1.8
43.81 , 8.782 , -0.002 , -1.363 , -1.8
43.89 , 8.739 , -0.002 , -1.363 , -1.8
43.99 , 8.676 , 0.006 , -1.311 , -1.8
44.12 , 8.592 , 0.006 , -1.311 , -1.8
44.18 , 8.551 , -0.006 , -1.219 , -1.8
44.29 , 8.489 , -0.006 , -1.219 , -1.8
44.41 , 8.412 , 0.008 , -1.166 , -1.8
44.49 , 8.364 , 0.008 , -1.166 , -1.8
44.58 , 8.301 , -0.006 , -1.153 , -1.8
44.71 , 8.222 , -0.006 , -1.153 , -1.8
44.79 , 8.176 , -0.011 , -0.97 , -1.8
44.89 , 8.114 , -0.011 , -0.97 , -1.8
45.0 , 8.042 , -0.006 , -0.904 , -1.8
45.1 , 7.989 , -0.006 , -0.904 , -1.8
45.19 , 7.926 , -0.0 , -0.734 , -1.8
45.32 , 7.841 , -0.0 , -0.734 , -1.8
45.38 , 7.801 , 0.011 , -0.708 , -1.8
45.5 , 7.739 , 0.011 , -0.708 , -1.8
45.61 , 7.661 , 0.002 , -0.603 , -1.8
45.69 , 7.614 , -0.011 , -0.498 , -1.8
45.78 , 7.551 , -0.011 , -0.498 , -1.8
45.91 , 7.471 , -0.0 , -0.328 , -1.8
45.99 , 7.426 , -0.0 , -0.328 , -1.8
46.09 , 7.363 , 0.008 , -0.393 , -1.8
46.2 , 7.291 , 0.008 , -0.393 , -1.8
46.3 , 7.238 , -0.015 , -0.419 , -1.8
46.39 , 7.176 , -0.015 , -0.419 , -1.8
46.52 , 7.091 , -0.002 , -0.026 , -1.8
46.58 , 7.051 , -0.002 , -0.026 , -1.8
46.7 , 6.988 , -0.008 , -0.118 , -1.8
46.81 , 6.911 , -0.008 , -0.118 , -1.8
46.89 , 6.864 , -0.006 , 0.262 , -1.8
46.98 , 6.801 , -0.006 , 0.262 , -1.8
47.1 , 6.731 , 0.002 , 0.262 , -1.8
47.19 , 6.676 , 0.002 , 0.262 , -1.8
47.29 , 6.614 , 0.011 , 0.472 , -1.8
47.4 , 6.541 , 0.011 , 0.472 , -1.8
47.5 , 6.489 , 0.004 , 0.38 , -1.8
47.59 , 6.426 , 0.004 , 0.38 , -1.8
47.72 , 6.34 , -0.002 , 0.577 , -1.8
47.8 , 6.299 , -0.002 , 0.577 , -1.8
47.9 , 6.239 , 0.008 , 0.708 , -1.8
48.01 , 6.16 , 0.009 , 0.786 , -1.8
48.09 , 6.114 , 0.009 , 0.786 , -1.8
48.19 , 6.051 , 0.006 , 1.009 , -1.8
48.31 , 5.97 , 0.006 , 1.009 , -1.8
48.39 , 5.926 , -0.011 , 1.088 , -1.8
48.49 , 5.864 , -0.011 , 1.088 , -1.8
48.63 , 5.77 , -0.011 , 1.088 , -1.8
48.7 , 5.734 , 0.008 , 1.153 , -1.8
48.79 , 5.676 , 0.006 , 1.573 , -1.8
48.92 , 5.59 , 0.006 , 1.573 , -1.8
48.99 , 5.551 , -0.0 , 1.324 , -1.8
49.08 , 5.488 , -0.0 , 1.324 , -1.8
49.21 , 5.41 , 0.009 , 1.507 , -1.8
49.29 , 5.364 , 0.009 , 1.507 , -1.8
49.39 , 5.301 , -0.017 , 1.402 , -1.8
49.51 , 5.22 , -0.017 , 1.402 , -1.8
49.59 , 5.176 , -0.011 , 1.651 , -1.8
49.69 , 5.114 , -0.011 , 1.651 , -1.8
49.8 , 5.04 , -0.006 , 1.743 , -1.8
49.88 , 4.989 , -0.006 , 1.743 , -1.8
49.99 , 4.926 , 0.004 , 1.913 , -1.8
50.09 , 4.86 , -0.008 , 1.992 , -1.8
50.19 , 4.801 , -0.008 , 1.992 , -1.8
50.28 , 4.739 , -0.015 , 2.045 , -1.8
50.41 , 4.659 , -0.015 , 2.045 , -1.8
50.49 , 4.614 , -0.002 , 2.425 , -1.8
50.59 , 4.551 , -0.002 , 2.425 , -1.8
50.72 , 4.469 , 0.006 , 2.385 , -1.8
50.8 , 4.426 , 0.006 , 2.385 , -1.8
50.89 , 4.364 , -0.004 , 2.726 , -1.8
51.02 , 4.279 , -0.004 , 2.726 , -1.8
51.08 , 4.239 , -0.002 , 2.752 , -1.8
51.2 , 4.176 , -0.002 , 2.752 , -1.8
51.31 , 4.099 , -0.004 , 2.726 , -1.8
51.39 , 4.051 , -0.004 , 2.726 , -1.8
51.48 , 3.989 , 0.004 , 2.752 , -1.8
51.6 , 3.919 , 0.004 , 2.752 , -1.8
51.69 , 3.864 , -0.004 , 2.896 , -1.8
51.79 , 3.801 , -0.004 , 2.896 , -1.8
51.92 , 3.719 , 0.008 , 3.303 , -1.8
52.0 , 3.676 , 0.008 , 3.303 , -1.8
52.09 , 3.613 , 0.004 , 3.381 , -1.8
52.22 , 3.528 , 0.004 , 3.381 , -1.8
52.3 , 3.485 , -0.006 , 3.473 , -1.8
52.4 , 3.426 , -0.008 , 3.63 , -1.8
52.52 , 3.338 , -0.008 , 3.63 , -1.8
52.59 , 3.297 , 0.006 , 3.578 , -1.8
52.68 , 3.239 , 0.006 , 3.578 , -1.8
52.81 , 3.158 , 0.006 , 3.722 , -1.8
52.89 , 3.114 , 0.006 , 3.722 , -1.8
52.99 , 3.051 , 0.008 , 4.076 , -1.8
53.1 , 2.978 , 0.008 , 4.076 , -1.8
53.2 , 2.926 , 0.006 , 4.155 , -1.8
53.29 , 2.864 , 0.006 , 4.155 , -1.8
53.42 , 2.778 , -0.002 , 4.259 , -1.8
53.49 , 2.737 , -0.002 , 4.259 , -1.8
53.6 , 2.676 , -0.009 , 4.495 , -1.8
53.71 , 2.598 , -0.009 , 4.495 , -1.8
53.79 , 2.551 , 0.002 , 4.561 , -1.8
53.89 , 2.489 , 0.002 , 4.561 , -1.8
54.01 , 2.408 , 0.0 , 4.653 , -1.8
54.09 , 2.364 , 0.0 , 4.653 , -1.8
54.19 , 2.301 , 0.006 , 4.692 , -1.8
54.32 , 2.218 , 0.006 , 4.692 , -1.8
54.38 , 2.176 , 0.006 , 4.941 , -1.8
54.49 , 2.114 , -0.002 , 5.072 , -1.8
54.61 , 2.037 , -0.002 , 5.072 , -1.8
54.69 , 1.989 , -0.013 , 5.177 , -1.8
54.78 , 1.926 , -0.013 , 5.177 , -1.8
54.89 , 1.857 , 0.009 , 5.269 , -1.8
54.99 , 1.801 , 0.009 , 5.269 , -1.8
55.09 , 1.738 , -0.002 , 5.465 , -1.8
55.2 , 1.667 , -0.002 , 5.465 , -1.8
55.29 , 1.614 , -0.002 , 5.754 , -1.8
55.39 , 1.551 , -0.002 , 5.754 , -1.8
55.5 , 1.477 , -0.006 , 5.872 , -1.8
55.58 , 1.427 , -0.006 , 5.872 , -1.8
55.69 , 1.364 , 0.006 , 5.95 , -1.8
55.81 , 1.287 , 0.006 , 5.95 , -1.8
55.89 , 1.239 , -0.002 , 6.081 , -1.8
55.98 , 1.176 , -0.002 , 6.081 , -1.8
56.09 , 1.107 , -0.006 , 6.238 , -1.8
56.19 , 1.051 , -0.006 , 6.238 , -1.8
56.29 , 0.989 , 0.004 , 6.37 , -1.8
56.4 , 0.917 , 0.004 , 6.37 , -1.8
56.5 , 0.864 , -0.002 , 6.527 , -1.8
56.59 , 0.801 , -0.002 , 6.527 , -1.8
56.7 , 0.727 , -0.013 , 6.723 , -1.8
56.78 , 0.676 , -0.009 , 6.802 , -1.8
56.9 , 0.614 , -0.009 , 6.802 , -1.8
56.99 , 0.547 , -0.008 , 7.103 , -1.8
57.09 , 0.489 , -0.008 , 7.103 , -1.8
57.18 , 0.426 , -0.002 , 7.208 , -1.8
57.3 , 0.356 , -0.002 , 7.208 , -1.8
57.39 , 0.301 , 0.006 , 7.274 , -1.8
57.49 , 0.239 , 0.006 , 7.274 , -1.8
57.6 , 0.166 , 0.008 , 7.497 , -1.8
57.7 , 0.114 , 0.008 , 7.497 , -1.8
57.79 , 0.051 , -0.008 , 7.615 , -1.8
57.9 , -0.0 , -0.008 , 7.615 , -1.8
57.98 , -0.0 , -0.006 , 7.641 , -1.8
58.1 , 0.021 , -0.006 , 7.641 , -1.8
58.19 , 0.076 , -0.021 , 7.811 , -1.8
58.29 , 0.138 , -0.021 , 7.811 , -1.8
58.42 , 0.222 , 0.004 , 7.497 , -1.8
58.5 , 0.265 , 0.004 , 7.497 , -1.8
58.59 , 0.326 , -0.004 , 7.235 , -1.8
58.71 , 0.402 , -0.004 , 7.235 , -1.8
58.79 , 0.452 , -0.002 , 7.182 , -1.8
58.9 , 0.514 , -0.015 , 6.854 , -1.8
58.99 , 0.582 , -0.015 , 6.854 , -1.8
59.09 , 0.639 , -0.008 , 6.527 , -1.8
59.19 , 0.701 , -0.008 , 6.527 , -1.8
59.3 , 0.772 , -0.006 , 6.37 , -1.8
59.39 , 0.826 , -0.006 , 6.37 , -1.8
59.49 , 0.889 , -0.004 , 6.396 , -1.8
59.62 , 0.972 , -0.004 , 6.396 , -1.8
59.68 , 1.014 , -0.002 , 5.963 , -1.8
59.79 , 1.076 , -0.002 , 5.963 , -1.8
59.91 , 1.152 , -0.009 , 5.885 , -1.8
59.99 , 1.201 , -0.009 , 5.885 , -1.8
60.08 , 1.264 , 0.002 , 5.636 , -1.8
60.19 , 1.333 , 0.002 , 5.636 , -1.8
60.29 , 1.389 , -0.009 , 5.557 , -1.8
60.39 , 1.451 , -0.009 , 5.557 , -1.8
60.51 , 1.533 , -0.009 , 5.229 , -1.8
60.59 , 1.576 , -0.009 , 5.229 , -1.8
60.69 , 1.639 , -0.004 , 5.007 , -1.8
60.82 , 1.723 , -0.004 , 5.007 , -1.8
60.88 , 1.764 , -0.0 , 5.02 , -1.8
60.99 , 1.826 , -0.0 , 5.02 , -1.8
61.11 , 1.903 , 0.008 , 4.666 , -1.8
61.19 , 1.951 , 0.004 , 4.626 , -1.8
61.28 , 2.014 , 0.004 , 4.626 , -1.8
61.4 , 2.083 , -0.006 , 4.273 , -1.8
61.49 , 2.139 , -0.006 , 4.273 , -1.8
61.59 , 2.202 , 0.0 , 4.142 , -1.8
61.72 , 2.283 , 0.0 , 4.142 , -1.8
61.8 , 2.326 , -0.002 , 4.115 , -1.8
61.89 , 2.389 , -0.002 , 4.115 , -1.8
62.02 , 2.473 , -0.008 , 3.853 , -1.8
62.1 , 2.516 , -0.008 , 3.853 , -1.8
62.2 , 2.576 , 0.004 , 3.67 , -1.8
62.31 , 2.653 , 0.004 , 3.67 , -1.8
62.39 , 2.701 , -0.019 , 3.394 , -1.8
62.48 , 2.764 , -0.019 , 3.394 , -1.8
62.6 , 2.834 , -0.017 , 3.421 , -1.8
62.69 , 2.889 , -0.017 , 3.421 , -1.8
62.79 , 2.951 , 0.004 , 3.198 , -1.8
62.9 , 3.024 , 0.004 , 3.198 , -1.8
63.0 , 3.076 , 0.0 , 2.936 , -1.8
63.09 , 3.139 , 0.0 , 2.936 , -1.8
63.22 , 3.224 , -0.004 , 2.883 , -1.8
63.28 , 3.265 , -0.004 , 2.883 , -1.8
63.4 , 3.326 , 0.004 , 2.792 , -1.8
63.51 , 3.404 , 0.0 , 2.647 , -1.8
63.59 , 3.451 , 0.0 , 2.647 , -1.8
63.68 , 3.514 , -0.013 , 2.608 , -1.8
63.81 , 3.594 , -0.013 , 2.608 , -1.8
63.89 , 3.639 , -0.004 , 2.477 , -1.8
63.99 , 3.701 , -0.004 , 2.477 , -1.8
64.12 , 3.785 , -0.002 , 2.162 , -1.8
64.2 , 3.826 , -0.002 , 2.162 , -1.8
64.29 , 3.889 , -0.004 , 2.176 , -1.8
64.42 , 3.974 , -0.004 , 2.176 , -1.8
64.5 , 4.016 , -0.009 , 1.94 , -1.8
64.6 , 4.076 , -0.009 , 1.94 , -1.8
64.71 , 4.154 , -0.0 , 1.651 , -1.8
64.79 , 4.201 , -0.0 , 1.651 , -1.8
64.89 , 4.264 , -0.004 , 1.612 , -1.8
65.0 , 4.335 , -0.004 , 1.612 , -1.8
65.09 , 4.389 , -0.002 , 1.494 , -1.8
65.19 , 4.451 , -0.002 , 1.494 , -1.8
65.32 , 4.535 , -0.017 , 1.533 , -1.8
65.38 , 4.576 , 0.004 , 1.337 , -1.8
65.49 , 4.638 , 0.004 , 1.337 , -1.8
65.61 , 4.715 , -0.019 , 1.232 , -1.8
65.69 , 4.764 , -0.019 , 1.232 , -1.8
65.78 , 4.826 , -0.002 , 1.022 , -1.8
65.89 , 4.895 , -0.002 , 1.022 , -1.8
65.99 , 4.951 , -0.002 , 0.878 , -1.8
66.09 , 5.014 , -0.002 , 0.878 , -1.8
66.2 , 5.085 , -0.009 , 0.786 , -1.8
66.29 , 5.139 , -0.009 , 0.786 , -1.8
66.39 , 5.201 , 0.008 , 0.655 , -1.8
66.5 , 5.275 , 0.008 , 0.655 , -1.8
66.58 , 5.326 , 0.008 , 0.498 , -1.8
66.69 , 5.389 , 0.008 , 0.498 , -1.8
66.81 , 5.466 , -0.004 , 0.446 , -1.8
66.89 , 5.514 , -0.004 , 0.446 , -1.8
66.98 , 5.576 , 0.006 , 0.197 , -1.8
67.1 , 5.646 , 0.006 , 0.197 , -1.8
67.19 , 5.701 , -0.004 , 0.131 , -1.8
67.29 , 5.764 , -0.004 , 0.131 , -1.8
67.42 , 5.846 , -0.0 , 0.21 , -1.8
67.5 , 5.889 , -0.0 , 0.21 , -1.8
67.59 , 5.951 , 0.009 , -0.066 , -1.8
67.72 , 6.036 , -0.006 , -0.118 , -1.8
67.8 , 6.079 , -0.006 , -0.118 , -1.8
67.9 , 6.139 , -0.013 , -0.236 , -1.8
68.02 , 6.226 , -0.013 , -0.236 , -1.8
68.1 , 6.272 , -0.006 , -0.328 , -1.8
68.18 , 6.326 , -0.006 , -0.328 , -1.8
68.31 , 6.406 , -0.015 , -0.459 , -1.8
68.39 , 6.451 , -0.015 , -0.459 , -1.8
68.49 , 6.514 , 0.013 , -0.511 , -1.8
68.62 , 6.596 , 0.013 , -0.511 , -1.8
68.7 , 6.64 , 0.0 , -0.432 , -1.8
68.79 , 6.701 , 0.0 , -0.432 , -1.8
68.9 , 6.776 , -0.004 , -0.682 , -1.8
68.98 , 6.826 , -0.004 , -0.682 , -1.8
69.1 , 6.889 , -0.0 , -0.773 , -1.8
69.19 , 6.956 , -0.0 , -0.773 , -1.8
69.29 , 7.014 , 0.004 , -1.022 , -1.8
69.38 , 7.076 , 0.004 , -1.022 , -1.8
69.51 , 7.157 , -0.011 , -0.878 , -1.8
69.59 , 7.201 , -0.011 , -0.878 , -1.8
69.69 , 7.264 , -0.009 , -1.114 , -1.8
69.82 , 7.347 , -0.002 , -1.297 , -1.8
69.9 , 7.389 , -0.002 , -1.297 , -1.8
69.99 , 7.451 , -0.002 , -1.284 , -1.8
70.12 , 7.537 , -0.002 , -1.284 , -1.8
70.2 , 7.586 , 0.004 , -1.271 , -1.8
70.3 , 7.639 , 0.004 , -1.271 , -1.8
70.43 , 7.727 , -0.0 , -1.442 , -1.8
70.49 , 7.767 , -0.0 , -1.442 , -1.8
70.59 , 7.826 , -0.002 , -1.678 , -1.8
70.71 , 7.907 , -0.002 , -1.678 , -1.8
70.79 , 7.951 , -0.023 , -1.586 , -1.8
70.89 , 8.014 , -0.023 , -1.586 , -1.8
71.02 , 8.097 , 0.002 , -1.625 , -1.8
71.08 , 8.139 , 0.002 , -1.625 , -1.8
71.19 , 8.201 , -0.002 , -1.73 , -1.8
71.31 , 8.277 , -0.002 , -1.73 , -1.8
71.39 , 8.326 , -0.008 , -2.071 , -1.8
71.48 , 8.388 , -0.008 , -2.071 , -1.8
71.59 , 8.458 , 0.013 , -2.031 , -1.8
71.69 , 8.513 , 0.013 , -2.031 , -1.8
71.79 , 8.576 , -0.013 , -1.979 , -1.8
71.9 , 8.648 , -0.013 , -1.979 , -1.8
71.99 , 8.701 , -0.017 , -2.228 , -1.8
72.09 , 8.764 , -0.019 , -2.189 , -1.8
72.22 , 8.848 , -0.019 , -2.189 , -1.8
72.28 , 8.888 , -0.009 , -2.215 , -1.8
72.39 , 8.951 , -0.009 , -2.215 , -1.8
72.51 , 9.028 , -0.002 , -2.359 , -1.8
72.59 , 9.076 , -0.002 , -2.359 , -1.8
72.68 , 9.139 , -0.002 , -2.543 , -1.8
72.81 , 9.218 , -0.002 , -2.543 , -1.8
72.89 , 9.267 , -0.019 , -2.765 , -1.8
72.99 , 9.326 , -0.019 , -2.765 , -1.8
73.11 , 9.408 , -0.017 , -2.726 , -1.8
73.19 , 9.451 , -0.017 , -2.726 , -1.8
73.29 , 9.513 , -0.015 , -2.713 , -1.8
73.4 , 9.588 , -0.015 , -2.713 , -1.8
73.48 , 9.638 , -0.002 , -2.792 , -1.8
73.6 , 9.701 , -0.002 , -2.792 , -1.8
73.71 , 9.778 , -0.006 , -2.936 , -1.8
73.79 , 9.83 , -0.006 , -2.936 , -1.8
73.88 , 9.889 , -0.009 , -3.027 , -1.8
74.0 , 9.958 , -0.009 , -3.027 , -1.8
74.09 , 10.014 , -0.008 , -3.08 , -1.8
74.19 , 10.076 , 0.008 , -3.027 , -1.8
74.3 , 10.148 , 0.008 , -3.027 , -1.8
74.4 , 10.201 , -0.004 , -3.185 , -1.8
74.49 , 10.263 , -0.004 , -3.185 , -1.8
74.62 , 10.349 , -0.0 , -3.29 , -1.8
74.7 , 10.391 , -0.0 , -3.29 , -1.8
74.8 , 10.451 , -0.017 , -3.381 , -1.8
74.92 , 10.539 , -0.017 , -3.381 , -1.8
75.0 , 10.584 , -0.002 , -3.512 , -1.8
75.08 , 10.639 , -0.002 , -3.512 , -1.8
75.2 , 10.702 , -0.011 , -3.526 , -1.8
75.29 , 10.764 , -0.011 , -3.526 , -1.8
75.4 , 10.839 , 0.002 , -3.683 , -1.8
75.48 , 10.889 , 0.002 , -3.683 , -1.8
75.6 , 10.951 , -0.011 , -3.512 , -1.8
75.69 , 11.019 , -0.011 , -3.512 , -1.8
75.79 , 11.076 , 0.006 , -3.617 , -1.8
75.88 , 11.138 , 0.006 , -3.617 , -1.8
76.01 , 11.219 , -0.009 , -3.512 , -1.8
76.09 , 11.264 , -0.009 , -3.512 , -1.8
76.19 , 11.326 , -0.011 , -3.761 , -1.8
76.32 , 11.409 , -0.011 , -3.761 , -1.8
76.38 , 11.451 , -0.002 , -3.788 , -1.8
76.49 , 11.514 , -0.0 , -4.024 , -1.8
76.61 , 11.59 , -0.0 , -4.024 , -1.8
76.69 , 11.639 , -0.0 , -4.037 , -1.8
76.8 , 11.701 , -0.0 , -4.037 , -1.8
76.91 , 11.78 , 0.002 , -3.971 , -1.8
76.99 , 11.826 , 0.002 , -3.971 , -1.8
77.09 , 11.888 , -0.009 , -4.063 , -1.8
77.21 , 11.97 , -0.009 , -4.063 , -1.8
77.29 , 12.014 , 0.006 , -4.194 , -1.8
77.39 , 12.076 , 0.006 , -4.194 , -1.8
77.52 , 12.16 , -0.009 , -4.076 , -1.8
77.6 , 12.205 , -0.009 , -4.076 , -1.8
77.69 , 12.264 , -0.009 , -4.142 , -1.8
77.81 , 12.34 , -0.009 , -4.142 , -1.8
77.89 , 12.389 , -0.0 , -4.181 , -1.8
77.98 , 12.451 , -0.0 , -4.181 , -1.8
78.11 , 12.53 , -0.006 , -4.43 , -1.8
78.19 , 12.576 , -0.006 , -4.43 , -1.8
78.29 , 12.639 , -0.009 , -4.417 , -1.8
78.4 , 12.71 , -0.009 , -4.417 , -1.8
78.5 , 12.763 , -0.004 , -4.351 , -1.8
78.59 , 12.826 , -0.008 , -4.391 , -1.8
78.72 , 12.911 , -0.008 , -4.391 , -1.8
78.8 , 12.953 , -0.006 , -4.43 , -1.8
78.9 , 13.013 , -0.006 , -4.43 , -1.8
79.02 , 13.101 , 0.004 , -4.653 , -1.8
79.1 , 13.147 , 0.004 , -4.653 , -1.8
79.18 , 13.201 , -0.009 , -4.522 , -1.8
79.31 , 13.281 , -0.009 , -4.522 , -1.8
79.39 , 13.328 , -0.006 , -4.718 , -1.8
79.49 , 13.388 , -0.006 , -4.718 , -1.8
79.62 , 13.471 , 0.0 , -4.784 , -1.8
79.7 , 13.513 , 0.0 , -4.784 , -1.8
79.79 , 13.576 , -0.004 , -4.666 , -1.8
79.9 , 13.651 , -0.004 , -4.666 , -1.8
79.98 , 13.701 , 0.009 , -4.613 , -1.8
80.1 , 13.763 , 0.009 , -4.613 , -1.8
80.19 , 13.831 , -0.015 , -4.915 , -1.8
80.29 , 13.889 , -0.015 , -4.915 , -1.8
80.38 , 13.951 , -0.009 , -4.81 , -1.8
80.51 , 14.031 , -0.009 , -4.81 , -1.8
80.59 , 14.076 , -0.002 , -4.731 , -1.8
80.69 , 14.139 , -0.002 , -4.731 , -1.8
80.82 , 14.221 , -0.009 , -5.02 , -1.8
80.9 , 14.264 , -0.004 , -4.941 , -1.8
80.99 , 14.326 , -0.004 , -4.941 , -1.8
81.1 , 14.401 , -0.002 , -4.889 , -1.8
81.18 , 14.451 , -0.002 , -4.889 , -1.8
81.3 , 14.514 , -0.019 , -4.836 , -1.8
81.41 , 14.591 , -0.019 , -4.836 , -1.8
81.49 , 14.638 , 0.004 , -5.02 , -1.8
81.58 , 14.701 , 0.004 , -5.02 , -1.8
81.71 , 14.782 , -0.015 , -4.967 , -1.8
81.79 , 14.826 , -0.015 , -4.967 , -1.8
81.89 , 14.888 , -0.011 , -5.046 , -1.8
82.02 , 14.972 , -0.011 , -5.046 , -1.8
82.08 , 15.013 , -0.011 , -4.967 , -1.8
82.19 , 15.076 , -0.011 , -4.967 , -1.8
82.31 , 15.152 , -0.008 , -5.098 , -1.8
82.39 , 15.201 , -0.008 , -5.098 , -1.8
82.48 , 15.263 , -0.0 , -5.282 , -1.8
82.61 , 15.342 , -0.0 , -5.282 , -1.8
82.69 , 15.389 , -0.006 , -5.19 , -1.8
82.79 , 15.451 , -0.006 , -5.19 , -1.8
82.91 , 15.532 , 0.008 , -5.085 , -1.8
82.99 , 15.576 , 0.008 , -5.138 , -1.8
83.09 , 15.638 , 0.008 , -5.138 , -1.8
83.2 , 15.712 , -0.004 , -5.059 , -1.8
83.28 , 15.763 , -0.004 , -5.059 , -1.8
83.39 , 15.826 , -0.006 , -5.007 , -1.8
83.49 , 15.892 , -0.006 , -5.007 , -1.8
83.59 , 15.951 , -0.009 , -5.072 , -1.8
83.68 , 16.013 , -0.009 , -5.072 , -1.8
83.79 , 16.083 , -0.011 , -5.111 , -1.8
83.89 , 16.138 , -0.011 , -5.111 , -1.8
83.99 , 16.201 , -0.006 , -5.02 , -1.8
84.12 , 16.283 , -0.006 , -5.02 , -1.8
84.2 , 16.326 , -0.004 , -5.046 , -1.8
84.29 , 16.388 , -0.004 , -5.046 , -1.8
84.42 , 16.473 , -0.006 , -5.059 , -1.8
84.5 , 16.517 , -0.006 , -5.059 , -1.8
84.6 , 16.576 , -0.004 , -4.941 , -1.8
84.71 , 16.653 , -0.004 , -4.941 , -1.8
84.79 , 16.701 , -0.0 , -4.954 , -1.8
84.88 , 16.764 , -0.0 , -4.954 , -1.8
85.01 , 16.843 , -0.004 , -4.928 , -1.8
85.09 , 16.888 , -0.004 , -4.928 , -1.8
85.19 , 16.951 , 0.004 , -4.81 , -1.8
85.32 , 17.033 , -0.0 , -4.862 , -1.8
85.4 , 17.08 , -0.0 , -4.862 , -1.8
85.49 , 17.138 , 0.002 , -4.679 , -1.8
85.62 , 17.223 , 0.002 , -4.679 , -1.8
85.7 , 17.266 , 0.004 , -4.522 , -1.8
85.8 , 17.326 , 0.004 , -4.522 , -1.8
85.92 , 17.414 , 0.002 , -4.692 , -1.8
86.0 , 17.46 , 0.002 , -4.692 , -1.8
86.08 , 17.514 , -0.006 , -4.43 , -1.8
86.21 , 17.594 , -0.006 , -4.43 , -1.8
86.29 , 17.638 , 0.034 , -4.64 , -1.8
86.39 , 17.701 , 0.034 , -4.64 , -1.8
86.52 , 17.784 , 0.076 , -4.522 , -1.8
86.6 , 17.827 , 0.076 , -4.522 , -1.8
86.69 , 17.889 , 0.128 , -4.273 , -1.8
86.82 , 17.974 , 0.128 , -4.273 , -1.8
86.9 , 18.0 , 0.172 , -4.128 , -1.8
87.01 , 17.98 , 0.172 , -4.128 , -1.8
87.09 , 17.935 , 0.215 , -4.259 , -1.8
87.19 , 17.873 , 0.215 , -4.259 , -1.8
87.32 , 17.789 , 0.251 , -4.535 , -1.8
87.4 , 17.747 , 0.23 , -4.744 , -1.8
87.49 , 17.685 , 0.23 , -4.744 , -1.8
87.61 , 17.609 , 0.143 , -4.692 , -1.8
87.69 , 17.56 , 0.143 , -4.692 , -1.8
87.8 , 17.497 , 0.049 , -4.849 , -1.8
87.91 , 17.419 , 0.049 , -4.849 , -1.8
87.99 , 17.371 , 0.015 , -4.993 , -1.8
88.09 , 17.31 , 0.015 , -4.993 , -1.8
88.2 , 17.239 , 0.015 , -5.138 , -1.8
88.29 , 17.185 , 0.015 , -5.138 , -1.8
88.39 , 17.122 , -0.009 , -5.177 , -1.8
88.5 , 17.049 , -0.009 , -5.177 , -1.8
88.58 , 16.997 , -0.013 , -5.269 , -1.8
88.69 , 16.935 , -0.013 , -5.269 , -1.8
88.79 , 16.869 , 0.0 , -5.151 , -1.8
88.89 , 16.81 , 0.0 , -5.151 , -1.8
88.98 , 16.747 , 0.004 , -5.085 , -1.8
89.11 , 16.669 , 0.004 , -5.085 , -1.8
89.19 , 16.622 , 0.006 , -5.282 , -1.8
89.29 , 16.56 , 0.006 , -5.282 , -1.8
89.41 , 16.479 , 0.004 , -5.151 , -1.8
89.49 , 16.435 , -0.006 , -5.164 , -1.8
89.59 , 16.372 , -0.006 , -5.164 , -1.8
89.7 , 16.298 , -0.002 , -5.256 , -1.8
89.78 , 16.247 , -0.002 , -5.256 , -1.8
89.89 , 16.185 , -0.009 , -5.321 , -1.8
90.01 , 16.108 , -0.009 , -5.321 , -1.8
90.09 , 16.06 , -0.006 , -5.413 , -1.8
90.18 , 15.997 , -0.006 , -5.413 , -1.8
90.31 , 15.918 , -0.006 , -5.216 , -1.8
90.39 , 15.873 , -0.006 , -5.216 , -1.8
90.49 , 15.81 , -0.004 , -5.164 , -1.8
90.62 , 15.728 , -0.004 , -5.164 , -1.8
90.7 , 15.685 , -0.008 , -5.203 , -1.8
90.79 , 15.622 , -0.008 , -5.203 , -1.8
90.92 , 15.538 , -0.002 , -5.177 , -1.8
91.0 , 15.49 , -0.002 , -5.177 , -1.8
91.1 , 15.435 , -0.002 , -5.164 , -1.8
91.22 , 15.348 , -0.002 , -5.164 , -1.8
91.3 , 15.304 , 0.002 , -5.151 , -1.8
91.38 , 15.247 , 0.002 , -5.151 , -1.8
91.53 , 15.157 , 0.002 , -5.059 , -1.8
91.61 , 15.111 , -0.002 , -4.954 , -1.8
91.69 , 15.058 , -0.002 , -4.954 , -1.8
91.78 , 14.997 , -0.002 , -5.046 , -1.8
91.9 , 14.935 , -0.002 , -5.046 , -1.8
92.01 , 14.857 , 0.013 , -4.875 , -1.8
92.09 , 14.81 , 0.013 , -4.875 , -1.8
92.18 , 14.748 , -0.0 , -4.915 , -1.8
92.31 , 14.667 , -0.0 , -4.915 , -1.8
92.39 , 14.623 , -0.009 , -4.993 , -1.8
92.49 , 14.56 , -0.009 , -4.993 , -1.8
92.62 , 14.477 , 0.002 , -4.902 , -1.8
92.7 , 14.43 , 0.002 , -4.902 , -1.8
92.79 , 14.372 , -0.002 , -4.784 , -1.8
92.92 , 14.287 , -0.002 , -4.784 , -1.8
93.0 , 14.238 , 0.008 , -4.81 , -1.8
93.1 , 14.185 , 0.008 , -4.81 , -1.8
93.23 , 14.097 , -0.002 , -4.849 , -1.8
93.31 , 14.051 , -0.002 , -4.849 , -1.8
93.39 , 13.997 , -0.006 , -4.613 , -1.8
93.5 , 13.935 , -0.006 , -4.613 , -1.8
93.59 , 13.873 , -0.0 , -4.626 , -1.8
93.71 , 13.797 , -0.0 , -4.626 , -1.8
93.79 , 13.746 , 0.009 , -4.482 , -1.8
93.9 , 13.685 , -0.008 , -4.508 , -1.8
94.01 , 13.606 , -0.008 , -4.508 , -1.8
94.09 , 13.56 , -0.008 , -4.613 , -1.8
94.19 , 13.498 , -0.008 , -4.613 , -1.8
94.31 , 13.416 , 0.002 , -4.508 , -1.8
94.39 , 13.372 , 0.002 , -4.508 , -1.8
94.49 , 13.31 , -0.0 , -4.548 , -1.8
94.6 , 13.236 , -0.0 , -4.548 , -1.8
94.68 , 13.185 , -0.011 , -4.089 , -1.8
94.79 , 13.123 , -0.011 , -4.089 , -1.8
94.91 , 13.046 , 0.017 , -4.273 , -1.8
94.99 , 12.997 , 0.017 , -4.273 , -1.8
95.08 , 12.935 , -0.009 , -4.05 , -1.8
95.21 , 12.856 , -0.009 , -4.05 , -1.8
95.29 , 12.809 , -0.004 , -4.05 , -1.8
95.39 , 12.747 , -0.004 , -4.05 , -1.8
95.52 , 12.666 , -0.015 , -3.997 , -1.8
95.6 , 12.618 , -0.015 , -3.997 , -1.8
95.69 , 12.56 , -0.0 , -3.958 , -1.8
95.8 , 12.486 , -0.0 , -3.958 , -1.8
95.88 , 12.435 , -0.0 , -3.761 , -1.8
96.0 , 12.373 , -0.0 , -3.761 , -1.8
96.11 , 12.296 , 0.013 , -3.63 , -1.8
96.19 , 12.248 , 0.002 , -3.735 , -1.8
96.28 , 12.185 , 0.002 , -3.735 , -1.8
96.4 , 12.115 , -0.004 , -3.643 , -1.8
96.49 , 12.06 , -0.004 , -3.643 , -1.8
96.59 , 11.997 , -0.006 , -3.473 , -1.8
96.72 , 11.915 , -0.006 , -3.473 , -1.8
96.8 , 11.87 , 0.002 , -3.565 , -1.8
96.89 , 11.81 , 0.002 , -3.565 , -1.8
97.02 , 11.725 , -0.004 , -3.394 , -1.8
97.12 , 11.666 , -0.004 , -3.394 , -1.8
97.2 , 11.614 , 0.002 , -3.277 , -1.8
97.29 , 11.56 , 0.002 , -3.277 , -1.8
97.39 , 11.498 , 0.004 , -3.277 , -1.8
97.5 , 11.425 , 0.004 , -3.277 , -1.8
97.6 , 11.372 , 0.011 , -3.198 , -1.8
97.69 , 11.31 , 0.011 , -3.198 , -1.8
97.82 , 11.225 , -0.008 , -2.962 , -1.8
97.9 , 11.181 , -0.008 , -2.962 , -1.8
98.0 , 11.123 , 0.008 , -2.896 , -1.8
98.11 , 11.045 , 0.008 , -2.896 , -1.8
98.19 , 10.998 , -0.004 , -3.08 , -1.8
98.28 , 10.935 , -0.002 , -3.119 , -1.8
98.4 , 10.865 , -0.002 , -3.119 , -1.8
98.49 , 10.81 , -0.002 , -2.831 , -1.8
98.59 , 10.747 , -0.002 , -2.831 , -1.8
98.7 , 10.675 , -0.0 , -2.687 , -1.8
98.8 , 10.623 , -0.0 , -2.687 , -1.8
98.89 , 10.56 , 0.006 , -2.726 , -1.8
99.02 , 10.474 , 0.006 , -2.726 , -1.8
99.1 , 10.427 , -0.011 , -2.372 , -1.8
99.2 , 10.37 , -0.011 , -2.372 , -1.8
99.33 , 10.284 , 0.006 , -2.595 , -1.8
99.41 , 10.236 , 0.006 , -2.595 , -1.8
99.49 , 10.184 , -0.002 , -2.425 , -1.8
99.6 , 10.122 , -0.002 , -2.425 , -1.8
99.69 , 10.06 , -0.002 , -2.267 , -1.8
99.81 , 9.984 , -0.002 , -2.267 , -1.8
99.89 , 9.935 , 0.008 , -2.084 , -1.8
100.0 , 9.866 , 0.008 , -2.084 , -1.8
100.09 , 9.804 , -0.0 , -2.215 , -1.8
100.19 , 9.747 , -0.0 , -2.215 , -1.8
100.29 , 9.685 , -0.009 , -1.979 , -1.8
100.41 , 9.604 , -0.009 , -1.979 , -1.8
100.49 , 9.556 , 0.002 , -1.953 , -1.8
100.59 , 9.498 , -0.006 , -1.835 , -1.8
100.72 , 9.414 , -0.006 , -1.835 , -1.8
100.8 , 9.369 , 0.002 , -1.717 , -1.8
100.89 , 9.31 , 0.002 , -1.717 , -1.8
101.02 , 9.223 , -0.0 , -1.769 , -1.8
101.1 , 9.176 , -0.0 , -1.769 , -1.8
101.18 , 9.122 , -0.011 , -1.638 , -1.8
101.29 , 9.06 , -0.011 , -1.638 , -1.8
101.39 , 8.997 , 0.013 , -1.547 , -1.8
101.52 , 8.913 , 0.013 , -1.547 , -1.8
101.6 , 8.862 , 0.019 , -1.547 , -1.8
101.7 , 8.81 , 0.019 , -1.547 , -1.8
101.82 , 8.723 , 0.009 , -1.337 , -1.8
101.92 , 8.67 , 0.009 , -1.337 , -1.8
102.0 , 8.613 , 0.011 , -1.232 , -1.8
102.1 , 8.56 , 0.011 , -1.232 , -1.8
102.19 , 8.498 , 0.002 , -1.284 , -1.8
102.32 , 8.413 , 0.002 , -1.284 , -1.8
102.4 , 8.365 , -0.006 , -1.035 , -1.8
102.5 , 8.31 , -0.006 , -1.035 , -1.8
102.61 , 8.233 , 0.004 , -1.022 , -1.8
102.69 , 8.185 , -0.011 , -0.904 , -1.8
102.78 , 8.123 , -0.011 , -0.904 , -1.8
102.9 , 8.053 , -0.011 , -0.655 , -1.8
102.99 , 7.998 , -0.011 , -0.655 , -1.8
103.09 , 7.935 , 0.006 , -0.642 , -1.8
103.22 , 7.852 , 0.006 , -0.642 , -1.8
103.3 , 7.806 , -0.011 , -0.524 , -1.8
103.39 , 7.748 , -0.011 , -0.524 , -1.8
103.52 , 7.662 , -0.011 , -0.498 , -1.8
103.6 , 7.615 , -0.011 , -0.498 , -1.8
103.7 , 7.56 , 0.008 , -0.131 , -1.8
103.82 , 7.472 , 0.008 , -0.131 , -1.8
103.9 , 7.424 , -0.0 , -0.157 , -1.8
103.99 , 7.372 , -0.0 , -0.157 , -1.8
104.1 , 7.31 , -0.009 , -0.118 , -1.8
104.19 , 7.247 , -0.009 , -0.118 , -1.8
104.32 , 7.162 , -0.002 , -0.157 , -1.8
104.4 , 7.117 , -0.002 , -0.157 , -1.8
104.5 , 7.06 , 0.008 , -0.026 , -1.8
104.63 , 6.972 , 0.008 , -0.026 , -1.8
104.71 , 6.926 , 0.009 , -0.013 , -1.8
104.79 , 6.873 , 0.009 , -0.013 , -1.8
104.91 , 6.792 , 0.004 , 0.197 , -1.8
104.99 , 6.744 , 0.011 , 0.446 , -1.8
105.09 , 6.685 , 0.011 , 0.446 , -1.8
105.22 , 6.602 , -0.008 , 0.315 , -1.8
105.3 , 6.56 , -0.008 , 0.315 , -1.8
105.39 , 6.498 , -0.009 , 0.629 , -1.8
105.52 , 6.412 , -0.009 , 0.629 , -1.8
105.6 , 6.365 , -0.008 , 0.721 , -1.8
105.68 , 6.31 , -0.008 , 0.721 , -1.8
105.81 , 6.232 , -0.004 , 0.655 , -1.8
105.89 , 6.183 , -0.004 , 0.655 , -1.8
105.99 , 6.123 , -0.004 , 0.865 , -1.8
106.11 , 6.041 , -0.004 , 0.865 , -1.8
106.21 , 5.987 , -0.004 , 0.813 , -1.8
106.31 , 5.922 , -0.004 , 0.813 , -1.8
106.4 , 5.866 , -0.004 , 1.114 , -1.8
106.48 , 5.81 , -0.004 , 1.114 , -1.8
106.61 , 5.731 , 0.002 , 1.232 , -1.8
106.69 , 5.682 , 0.002 , 1.232 , -1.8
106.79 , 5.623 , 0.004 , 1.193 , -1.8
106.91 , 5.541 , 0.004 , 1.193 , -1.8
107.0 , 5.496 , -0.0 , 1.468 , -1.8
107.09 , 5.435 , -0.011 , 1.612 , -1.8
107.22 , 5.35 , -0.011 , 1.612 , -1.8
107.3 , 5.306 , 0.004 , 1.927 , -1.8
107.4 , 5.247 , 0.004 , 1.927 , -1.8
107.52 , 5.16 , -0.0 , 1.848 , -1.8
107.6 , 5.111 , -0.0 , 1.848 , -1.8
107.7 , 5.055 , 0.004 , 1.979 , -1.8
107.8 , 4.998 , 0.004 , 1.979 , -1.8
107.92 , 4.915 , -0.006 , 2.071 , -1.8
108.0 , 4.864 , -0.006 , 2.071 , -1.8
108.08 , 4.81 , 0.013 , 2.071 , -1.8
108.23 , 4.72 , 0.013 , 2.071 , -1.8
108.31 , 4.671 , -0.008 , 2.215 , -1.8
108.39 , 4.623 , -0.008 , 2.215 , -1.8
108.52 , 4.54 , -0.006 , 2.516 , -1.8
108.6 , 4.489 , -0.006 , 2.516 , -1.8
108.69 , 4.436 , 0.004 , 2.556 , -1.8
108.82 , 4.35 , 0.004 , 2.556 , -1.8
108.9 , 4.303 , -0.002 , 2.634 , -1.8
109.0 , 4.248 , -0.002 , 2.634 , -1.8
109.12 , 4.16 , -0.004 , 2.621 , -1.8
109.2 , 4.111 , -0.023 , 2.805 , -1.8
109.28 , 4.06 , -0.023 , 2.805 , -1.8
109.4 , 3.998 , -0.004 , 3.027 , -1.8
109.49 , 3.935 , -0.004 , 3.027 , -1.8
109.62 , 3.85 , -0.002 , 3.106 , -1.8
109.72 , 3.797 , -0.002 , 3.106 , -1.8
109.81 , 3.736 , 0.008 , 3.408 , -1.8
109.89 , 3.679 , 0.008 , 3.408 , -1.8
109.99 , 3.623 , 0.002 , 3.46 , -1.8
110.12 , 3.539 , 0.002 , 3.46 , -1.8
110.21 , 3.487 , -0.002 , 3.643 , -1.8
110.29 , 3.43 , -0.002 , 3.643 , -1.8
110.39 , 3.373 , 0.002 , 3.486 , -1.8
110.49 , 3.31 , 0.002 , 3.486 , -1.8
110.61 , 3.229 , 0.004 , 3.853 , -1.8
110.71 , 3.175 , 0.004 , 3.853 , -1.8
110.81 , 3.115 , 0.008 , 3.788 , -1.8
110.89 , 3.06 , 0.008 , 3.788 , -1.8
110.98 , 2.998 , -0.021 , 4.024 , -1.8
111.09 , 2.929 , -0.021 , 4.024 , -1.8
111.19 , 2.873 , 0.002 , 4.168 , -1.8
111.29 , 2.81 , 0.002 , 4.168 , -1.8
111.41 , 2.729 , 0.004 , 4.286 , -1.8
111.49 , 2.678 , 0.006 , 4.391 , -1.8
111.59 , 2.623 , 0.006 , 4.391 , -1.8
111.72 , 2.539 , -0.013 , 4.522 , -1.8
111.8 , 2.492 , -0.013 , 4.522 , -1.8
111.89 , 2.435 , -0.009 , 4.81 , -1.8
112.02 , 2.349 , -0.009 , 4.81 , -1.8
112.1 , 2.303 , -0.008 , 4.849 , -1.8
112.18 , 2.248 , -0.008 , 4.849 , -1.8
112.33 , 2.159 , 0.006 , 4.902 , -1.8
112.42 , 2.106 , 0.006 , 4.902 , -1.8
112.5 , 2.049 , -0.015 , 5.138 , -1.8
112.58 , 1.998 , -0.015 , 5.138 , -1.8
112.7 , 1.935 , -0.002 , 5.203 , -1.8
112.81 , 1.858 , -0.002 , 5.203 , -1.8
112.89 , 1.809 , -0.002 , 5.387 , -1.8
112.98 , 1.748 , -0.002 , 5.387 , -1.8
113.11 , 1.668 , -0.015 , 5.544 , -1.8
113.19 , 1.62 , -0.015 , 5.544 , -1.8
113.29 , 1.558 , -0.009 , 5.688 , -1.8
113.42 , 1.478 , -0.009 , 5.688 , -1.8
113.5 , 1.432 , 0.008 , 5.832 , -1.8
113.59 , 1.371 , 0.008 , 5.832 , -1.8
113.72 , 1.288 , -0.002 , 5.858 , -1.8
113.8 , 1.245 , 0.015 , 6.186 , -1.8
113.9 , 1.185 , 0.015 , 6.186 , -1.8
114.01 , 1.108 , 0.004 , 6.238 , -1.8
114.1 , 1.052 , 0.004 , 6.238 , -1.8
114.22 , 0.981 , -0.002 , 6.356 , -1.8
114.33 , 0.908 , -0.002 , 6.356 , -1.8
114.41 , 0.863 , 0.008 , 6.409 , -1.8
114.49 , 0.811 , 0.008 , 6.409 , -1.8
114.62 , 0.728 , 0.002 , 6.737 , -1.8
114.71 , 0.673 , 0.002 , 6.737 , -1.8
114.79 , 0.62 , -0.004 , 6.92 , -1.8
114.92 , 0.538 , -0.004 , 6.92 , -1.8
115.0 , 0.489 , 0.008 , 7.051 , -1.8
115.11 , 0.424 , 0.008 , 7.051 , -1.8
115.22 , 0.347 , -0.0 , 7.143 , -1.8
115.3 , 0.301 , -0.0 , 7.143 , -1.8
115.38 , 0.248 , 0.002 , 7.313 , -1.8
115.5 , 0.186 , 0.002 , 7.313 , -1.8
115.59 , 0.123 , 0.009 , 7.523 , -1.8
115.7 , 0.047 , 0.009 , 7.523 , -1.8
115.8 , 0.001 , 0.002 , 7.641 , -1.8
115.9 , 0.003 , 0.002 , 7.641 , -1.8
115.99 , 0.054 , 0.006 , 7.811 , -1.8
116.12 , 0.14 , -0.008 , 7.641 , -1.8
116.2 , 0.189 , -0.008 , 7.641 , -1.8
116.28 , 0.242 , -0.002 , 7.418 , -1.8
116.43 , 0.331 , -0.002 , 7.418 , -1.8
116.51 , 0.379 , -0.006 , 7.13 , -1.8
116.59 , 0.431 , -0.006 , 7.13 , -1.8
116.7 , 0.493 , -0.006 , 6.841 , -1.8
116.79 , 0.556 , -0.006 , 6.841 , -1.8
116.92 , 0.641 , 0.006 , 6.632 , -1.8
117.0 , 0.689 , 0.006 , 6.632 , -1.8
117.08 , 0.742 , -0.013 , 6.527 , -1.8
117.23 , 0.831 , -0.013 , 6.527 , -1.8
117.31 , 0.881 , -0.009 , 6.474 , -1.8
117.39 , 0.931 , -0.009 , 6.474 , -1.8
117.48 , 0.992 , -0.002 , 6.291 , -1.8
117.59 , 1.055 , -0.002 , 6.291 , -1.8
117.71 , 1.131 , 0.002 , 5.937 , -1.8
117.79 , 1.183 , 0.002 , 5.937 , -1.8
117.88 , 1.242 , -0.002 , 5.754 , -1.8
118.01 , 1.322 , -0.004 , 5.701 , -1.8
118.09 , 1.368 , -0.004 , 5.701 , -1.8
118.19 , 1.43 , -0.009 , 5.465 , -1.8
118.31 , 1.512 , -0.009 , 5.465 , -1.8
118.39 , 1.562 , -0.006 , 5.177 , -1.8
118.49 , 1.617 , -0.006 , 5.177 , -1.8
118.62 , 1.702 , -0.008 , 5.046 , -1.8
118.7 , 1.753 , -0.008 , 5.046 , -1.8
118.8 , 1.808 , -0.006 , 4.915 , -1.8
118.92 , 1.892 , -0.006 , 4.915 , -1.8
119.0 , 1.942 , 0.002 , 4.626 , -1.8
119.08 , 1.993 , 0.002 , 4.626 , -1.8
119.2 , 2.055 , -0.013 , 4.364 , -1.8
119.29 , 2.118 , -0.013 , 4.364 , -1.8
119.42 , 2.202 , 0.009 , 4.443 , -1.8
119.5 , 2.251 , 0.009 , 4.443 , -1.8
119.6 , 2.305 , -0.006 , 4.233 , -1.8
119.72 , 2.392 , -0.006 , 4.233 , -1.8
119.8 , 2.443 , -0.017 , 4.089 , -1.8
119.88 , 2.494 , -0.017 , 4.089 , -1.8
120.0 , 2.555 , -0.004 , 4.037 , -1.8
120.09 , 2.617 , -0.004 , 4.037 , -1.8
120.22 , 2.703 , 0.0 , 3.709 , -1.8
120.32 , 2.759 , 0.002 , 3.303 , -1.8
120.41 , 2.82 , 0.002 , 3.303 , -1.8
120.49 , 2.874 , -0.011 , 3.421 , -1.8
120.59 , 2.93 , -0.011 , 3.421 , -1.8
120.72 , 3.013 , -0.002 , 3.198 , -1.8
120.81 , 3.066 , -0.002 , 3.198 , -1.8
120.91 , 3.126 , -0.013 , 3.08 , -1.8
121.0 , 3.184 , -0.013 , 3.08 , -1.8
121.1 , 3.249 , 0.008 , 3.067 , -1.8
121.2 , 3.305 , 0.008 , 3.067 , -1.8
121.29 , 3.368 , 0.004 , 2.687 , -1.8
121.4 , 3.443 , 0.004 , 2.687 , -1.8
121.5 , 3.501 , 0.002 , 2.647 , -1.8
121.6 , 3.555 , 0.002 , 2.647 , -1.8
121.71 , 3.633 , -0.006 , 2.621 , -1.8
121.79 , 3.68 , -0.006 , 2.621 , -1.8
121.89 , 3.742 , -0.002 , 2.241 , -1.8
122.0 , 3.813 , -0.002 , 2.241 , -1.8
122.09 , 3.868 , -0.011 , 2.346 , -1.8
122.19 , 3.931 , -0.011 , 2.346 , -1.8
122.3 , 4.003 , -0.023 , 2.045 , -1.8
122.38 , 4.055 , 0.006 , 1.9 , -1.8
122.49 , 4.117 , 0.006 , 1.9 , -1.8
122.61 , 4.185 , -0.009 , 1.927 , -1.8
122.69 , 4.242 , -0.009 , 1.927 , -1.8
122.78 , 4.305 , -0.008 , 1.625 , -1.8
122.89 , 4.373 , -0.008 , 1.625 , -1.8
122.99 , 4.43 , 0.009 , 1.586 , -1.8
123.09 , 4.492 , 0.009 , 1.586 , -1.8
123.2 , 4.564 , 0.004 , 1.533 , -1.8
123.29 , 4.617 , 0.004 , 1.533 , -1.8
123.39 , 4.68 , -0.008 , 1.311 , -1.8
123.52 , 4.764 , -0.008 , 1.311 , -1.8
123.6 , 4.816 , -0.009 , 1.18 , -1.8
123.7 , 4.871 , -0.009 , 1.18 , -1.8
123.82 , 4.954 , -0.002 , 1.166 , -1.8
123.98 , 5.054 , -0.002 , 1.166 , -1.8
124.06 , 5.105 , -0.008 , 0.957 , -1.8
124.16 , 5.16 , 0.011 , 0.799 , -1.8
124.24 , 5.211 , 0.011 , 0.799 , -1.8
124.34 , 5.271 , 0.006 , 0.695 , -1.8
124.42 , 5.323 , 0.006 , 0.695 , -1.8
124.5 , 5.376 , 0.004 , 0.511 , -1.8
124.59 , 5.43 , 0.004 , 0.511 , -1.8
124.69 , 5.492 , -0.023 , 0.393 , -1.8
124.82 , 5.575 , -0.023 , 0.393 , -1.8
124.91 , 5.629 , -0.006 , 0.38 , -1.8
125.01 , 5.688 , -0.006 , 0.38 , -1.8
125.14 , 5.775 , -0.0 , 0.262 , -1.8
125.23 , 5.827 , -0.0 , 0.262 , -1.8
125.34 , 5.898 , -0.009 , 0.039 , -1.8
125.46 , 5.975 , -0.009 , 0.039 , -1.8
125.54 , 6.024 , 0.008 , 0.066 , -1.8
125.63 , 6.08 , 0.008 , 0.066 , -1.8
125.71 , 6.135 , -0.008 , -0.197 , -1.8
125.79 , 6.186 , -0.008 , -0.197 , -1.8
125.89 , 6.242 , -0.017 , -0.315 , -1.8
125.98 , 6.305 , -0.017 , -0.315 , -1.8
126.11 , 6.385 , 0.002 , -0.275 , -1.8
126.19 , 6.433 , 0.002 , -0.275 , -1.8
126.29 , 6.492 , -0.013 , -0.38 , -1.8
126.42 , 6.575 , -0.013 , -0.38 , -1.8
126.51 , 6.628 , -0.002 , -0.537 , -1.8
126.61 , 6.687 , 0.002 , -0.695 , -1.8
126.69 , 6.746 , 0.002 , -0.695 , -1.8
126.79 , 6.805 , -0.004 , -0.616 , -1.8
126.91 , 6.885 , -0.004 , -0.616 , -1.8
127.01 , 6.938 , -0.004 , -0.957 , -1.8
127.11 , 6.998 , -0.004 , -0.957 , -1.8
127.19 , 7.057 , 0.004 , -0.878 , -1.8
127.28 , 7.117 , 0.004 , -0.878 , -1.8
127.41 , 7.196 , 0.013 , -0.957 , -1.8
127.49 , 7.243 , 0.013 , -0.957 , -1.8
127.59 , 7.305 , -0.009 , -1.14 , -1.8
127.71 , 7.386 , -0.009 , -1.14 , -1.8
127.79 , 7.435 , -0.002 , -1.219 , -1.8
127.89 , 7.492 , -0.002 , -1.219 , -1.8
128.02 , 7.576 , -0.019 , -1.402 , -1.8
128.1 , 7.626 , -0.019 , -1.402 , -1.8
128.19 , 7.68 , -0.008 , -1.402 , -1.8
128.32 , 7.766 , -0.008 , -1.402 , -1.8
128.42 , 7.818 , 0.004 , -1.494 , -1.8
128.5 , 7.877 , 0.004 , -1.494 , -1.8
128.59 , 7.93 , -0.015 , -1.625 , -1.8
128.69 , 7.992 , -0.015 , -1.625 , -1.8
128.82 , 8.076 , -0.021 , -1.52 , -1.8
128.9 , 8.126 , 0.019 , -1.743 , -1.8
128.99 , 8.18 , 0.019 , -1.743 , -1.8
129.12 , 8.266 , -0.011 , -2.005 , -1.8
129.2 , 8.317 , -0.011 , -2.005 , -1.8
129.3 , 8.374 , -0.006 , -1.927 , -1.8
129.41 , 8.446 , -0.006 , -1.927 , -1.8
129.51 , 8.506 , 0.004 , -2.045 , -1.8
129.62 , 8.572 , 0.004 , -2.045 , -1.8
129.7 , 8.625 , -0.0 , -2.045 , -1.8
129.79 , 8.679 , -0.0 , -2.045 , -1.8
129.91 , 8.756 , -0.026 , -2.241 , -1.8
130.0 , 8.81 , -0.026 , -2.241 , -1.8
130.1 , 8.878 , -0.0 , -2.241 , -1.8
130.2 , 8.93 , -0.0 , -2.241 , -1.8
130.29 , 8.992 , -0.0 , -2.529 , -1.8
130.4 , 9.067 , -0.0 , -2.529 , -1.8
130.5 , 9.123 , -0.0 , -2.385 , -1.8
130.6 , 9.179 , -0.0 , -2.385 , -1.8
130.71 , 9.257 , 0.004 , -2.412 , -1.8
130.79 , 9.305 , 0.004 , -2.412 , -1.8
130.88 , 9.367 , -0.008 , -2.857 , -1.8
131.01 , 9.439 , -0.008 , -2.857 , -1.8
131.09 , 9.498 , -0.006 , -2.831 , -1.8
131.2 , 9.568 , -0.004 , -2.792 , -1.8
131.28 , 9.617 , -0.004 , -2.792 , -1.8
131.4 , 9.68 , -0.008 , -2.988 , -1.8
131.49 , 9.747 , -0.008 , -2.988 , -1.8
131.59 , 9.805 , -0.019 , -3.08 , -1.8
131.68 , 9.867 , -0.019 , -3.08 , -1.8
131.8 , 9.938 , -0.006 , -2.896 , -1.8
131.89 , 9.992 , -0.006 , -2.896 , -1.8
131.99 , 10.055 , 0.002 , -3.132 , -1.8
132.12 , 10.138 , 0.002 , -3.132 , -1.8
132.21 , 10.196 , -0.008 , -3.172 , -1.8
132.31 , 10.253 , -0.008 , -3.172 , -1.8
132.39 , 10.308 , -0.013 , -3.316 , -1.8
132.48 , 10.367 , -0.013 , -3.316 , -1.8
132.6 , 10.438 , -0.009 , -3.394 , -1.8
132.74 , 10.528 , -0.009 , -3.394 , -1.8
132.82 , 10.579 , -0.009 , -3.421 , -1.8
132.9 , 10.629 , -0.009 , -3.421 , -1.8
133.0 , 10.681 , -0.0 , -3.46 , -1.8
133.09 , 10.742 , -0.0 , -3.46 , -1.8
133.22 , 10.828 , -0.008 , -3.565 , -1.8
133.32 , 10.886 , 0.002 , -3.657 , -1.8
133.4 , 10.94 , 0.002 , -3.657 , -1.8
133.49 , 10.992 , -0.008 , -3.67 , -1.8
133.59 , 11.055 , -0.008 , -3.67 , -1.8
133.72 , 11.138 , -0.004 , -3.761 , -1.8
133.8 , 11.188 , -0.004 , -3.761 , -1.8
133.89 , 11.242 , -0.015 , -3.578 , -1.8
134.02 , 11.328 , -0.015 , -3.578 , -1.8
134.1 , 11.38 , 0.002 , -3.853 , -1.8
134.18 , 11.43 , 0.002 , -3.853 , -1.8
134.33 , 11.519 , 0.004 , -3.984 , -1.8
134.42 , 11.571 , 0.004 , -3.984 , -1.8
134.52 , 11.634 , 0.011 , -3.906 , -1.8
134.61 , 11.691 , 0.011 , -3.906 , -1.8
134.69 , 11.749 , -0.004 , -4.037 , -1.8
134.79 , 11.804 , -0.004 , -4.037 , -1.8
134.89 , 11.867 , -0.013 , -4.01 , -1.8
135.01 , 11.949 , -0.013 , -4.01 , -1.8
135.11 , 12.002 , -0.002 , -4.312 , -1.8
135.21 , 12.063 , -0.002 , -4.312 , -1.8
135.3 , 12.122 , 0.006 , -4.325 , -1.8
135.4 , 12.186 , 0.008 , -4.128 , -1.8
135.53 , 12.269 , 0.008 , -4.128 , -1.8
135.62 , 12.324 , -0.006 , -4.391 , -1.8
135.72 , 12.382 , -0.006 , -4.391 , -1.8
135.82 , 12.443 , -0.004 , -4.181 , -1.8
135.91 , 12.503 , -0.004 , -4.181 , -1.8
135.99 , 12.559 , -0.015 , -4.587 , -1.8
136.09 , 12.617 , -0.015 , -4.587 , -1.8
136.22 , 12.699 , 0.0 , -4.482 , -1.8
136.31 , 12.752 , 0.0 , -4.482 , -1.8
136.41 , 12.812 , 0.004 , -4.626 , -1.8
136.5 , 12.872 , 0.004 , -4.626 , -1.8
136.6 , 12.936 , 0.002 , -4.666 , -1.8
136.7 , 12.992 , 0.002 , -4.666 , -1.8
136.79 , 13.055 , 0.006 , -4.587 , -1.8
136.92 , 13.139 , 0.006 , -4.587 , -1.8
137.02 , 13.193 , 0.004 , -4.666 , -1.8
137.1 , 13.251 , 0.004 , -4.666 , -1.8
137.19 , 13.304 , -0.004 , -4.613 , -1.8
137.29 , 13.367 , -0.004 , -4.613 , -1.8
137.42 , 13.45 , -0.009 , -4.771 , -1.8
137.51 , 13.504 , -0.006 , -4.771 , -1.8
137.61 , 13.57 , -0.006 , -4.771 , -1.8
137.69 , 13.619 , -0.006 , -4.771 , -1.8
137.78 , 13.68 , -0.002 , -4.849 , -1.8
137.9 , 13.75 , -0.015 , -4.797 , -1.8
137.99 , 13.805 , -0.015 , -4.797 , -1.8
138.09 , 13.868 , -0.011 , -4.967 , -1.8
138.22 , 13.95 , -0.011 , -4.967 , -1.8
138.31 , 14.007 , 0.006 , -4.941 , -1.8
138.44 , 14.085 , 0.006 , -4.941 , -1.8
138.55 , 14.16 , -0.008 , -5.059 , -1.8
138.71 , 14.26 , -0.002 , -4.98 , -1.8
138.79 , 14.312 , -0.002 , -4.98 , -1.8
138.89 , 14.368 , -0.028 , -4.993 , -1.8
139.02 , 14.45 , -0.028 , -4.993 , -1.8
139.1 , 14.502 , 0.006 , -5.033 , -1.8
139.21 , 14.563 , 0.006 , -5.033 , -1.8
139.32 , 14.64 , -0.011 , -5.177 , -1.8
139.4 , 14.689 , -0.011 , -5.177 , -1.8
139.5 , 14.742 , -0.0 , -5.033 , -1.8
139.61 , 14.821 , -0.0 , -5.033 , -1.8
139.71 , 14.875 , 0.009 , -5.269 , -1.8
139.8 , 14.934 , 0.009 , -5.269 , -1.8
139.93 , 15.021 , -0.019 , -4.98 , -1.8
140.03 , 15.073 , -0.004 , -5.203 , -1.8
140.12 , 15.133 , -0.004 , -5.203 , -1.8
140.25 , 15.221 , 0.002 , -5.242 , -1.8
140.35 , 15.278 , 0.002 , -5.242 , -1.8
140.43 , 15.332 , -0.002 , -5.229 , -1.8
140.52 , 15.39 , -0.002 , -5.229 , -1.8
140.6 , 15.442 , 0.009 , -5.216 , -1.8
140.7 , 15.495 , 0.009 , -5.216 , -1.8
140.8 , 15.557 , -0.006 , -5.373 , -1.8
140.92 , 15.641 , -0.006 , -5.373 , -1.8
141.02 , 15.696 , 0.013 , -5.151 , -1.8
141.12 , 15.756 , 0.013 , -5.151 , -1.8
141.24 , 15.842 , 0.013 , -5.216 , -1.8
141.34 , 15.897 , -0.0 , -5.072 , -1.8
141.45 , 15.966 , -0.0 , -5.072 , -1.8
141.56 , 16.042 , -0.009 , -5.36 , -1.8
141.66 , 16.095 , -0.009 , -5.36 , -1.8
141.76 , 16.155 , 0.002 , -5.426 , -1.8
141.87 , 16.232 , 0.002 , -5.426 , -1.8
141.96 , 16.285 , -0.008 , -5.36 , -1.8
142.06 , 16.344 , -0.008 , -5.36 , -1.8
142.16 , 16.405 , -0.0 , -5.308 , -1.8
142.25 , 16.464 , -0.0 , -5.308 , -1.8
142.35 , 16.525 , -0.004 , -5.36 , -1.8
142.44 , 16.593 , -0.004 , -5.36 , -1.8
142.54 , 16.645 , -0.002 , -5.059 , -1.8
142.64 , 16.705 , -0.002 , -5.059 , -1.8
142.73 , 16.766 , -0.009 , -5.229 , -1.8
142.81 , 16.823 , -0.009 , -5.229 , -1.8
142.91 , 16.878 , -0.004 , -5.033 , -1.8
143.0 , 16.937 , -0.004 , -5.033 , -1.8
143.13 , 17.022 , -0.006 , -5.02 , -1.8
143.23 , 17.079 , -0.006 , -5.02 , -1.8
143.32 , 17.136 , -0.002 , -4.954 , -1.8
143.44 , 17.212 , -0.002 , -4.954 , -1.8
143.53 , 17.266 , 0.002 , -4.98 , -1.8
143.63 , 17.326 , 0.002 , -4.98 , -1.8
143.74 , 17.403 , 0.002 , -4.967 , -1.8
143.84 , 17.458 , 0.002 , -4.993 , -1.8
143.93 , 17.518 , 0.002 , -4.993 , -1.8
144.05 , 17.593 , -0.006 , -4.731 , -1.8
144.14 , 17.649 , -0.006 , -4.731 , -1.8
144.24 , 17.708 , -0.006 , -4.705 , -1.8
144.37 , 17.793 , -0.006 , -4.705 , -1.8
144.45 , 17.844 , 0.004 , -4.902 , -1.8
144.54 , 17.899 , 0.004 , -4.902 , -1.8
144.67 , 17.983 , 0.032 , -4.613 , -1.8
144.77 , 18.0 , 0.032 , -4.613 , -1.8
144.88 , 18.0 , 0.079 , -4.587 , -1.8
144.97 , 18.0 , 0.142 , -4.64 , -1.8
145.07 , 18.0 , 0.142 , -4.64 , -1.8
145.15 , 18.0 , 0.153 , -0.183 , -1.8
145.23 , 18.0 , 0.153 , -0.183 , -1.8
145.33 , 18.0 , 0.153 , -0.183 , -1.8
145.42 , 18.0 , 0.143 , 1.009 , -1.8
145.52 , 18.0 , 0.143 , 1.009 , -1.8
145.61 , 18.0 , 0.117 , 5.74 , -1.8
145.71 , 18.0 , 0.117 , 5.74 , -1.8
145.81 , 18.0 , 0.136 , 8.283 , -1.8
145.9 , 18.0 , 0.136 , 8.283 , -1.8
145.98 , 18.0 , 0.123 , 9.463 , -1.8
146.09 , 18.0 , 0.123 , 9.463 , -1.8
146.19 , 18.0 , 0.113 , 11.062 , -1.8
146.29 , 18.0 , 0.113 , 11.062 , -1.8
146.38 , 18.0 , 0.094 , 12.66 , -1.8
146.49 , 18.0 , 0.094 , 14.98 , -1.8
146.61 , 18.0 , 0.094 , 14.98 , -1.8
146.69 , 18.0 , 0.096 , 17.169 , -1.8
146.78 , 18.0 , 0.096 , 17.169 , -1.8
146.9 , 18.0 , 0.085 , 19.646 , -1.8
146.99 , 18.0 , 0.085 , 19.646 , -1.8
147.09 , 18.0 , 0.083 , 21.35 , -1.8
147.18 , 18.0 , 0.083 , 21.35 , -1.8
147.3 , 18.0 , 0.089 , 22.687 , -1.8
147.39 , 18.0 , 0.089 , 22.687 , -1.8
147.5 , 18.0 , 0.059 , 24.456 , -1.8
147.6 , 18.0 , 0.059 , 24.456 , -1.8
147.7 , 18.0 , 0.072 , 26.487 , -1.8
147.81 , 18.0 , 0.072 , 26.487 , -1.8
147.89 , 18.0 , 0.07 , 28.689 , -1.8
147.98 , 18.0 , 0.07 , 28.689 , -1.8
148.1 , 18.0 , 0.083 , 30.629 , -1.8
148.21 , 18.0 , 0.083 , 30.629 , -1.8
148.29 , 18.0 , 0.081 , 32.123 , -1.8
148.4 , 18.0 , 0.081 , 32.123 , -1.8
148.5 , 18.0 , 0.072 , 33.434 , -1.8
148.61 , 18.0 , 0.072 , 33.434 , -1.8
148.7 , 18.0 , 0.076 , 35.15 , -1.8
148.83 , 18.0 , 0.064 , 36.762 , -1.8
148.93 , 18.0 , 0.064 , 36.762 , -1.8
149.02 , 18.0 , 0.06 , 39.135 , -1.8
149.12 , 18.0 , 0.06 , 39.135 , -1.8
149.22 , 18.0 , 0.055 , 41.323 , -1.8
149.31 , 18.0 , 0.055 , 41.323 , -1.8
149.42 , 18.0 , 0.059 , 42.7 , -1.8
149.52 , 18.0 , 0.059 , 42.7 , -1.8
149.62 , 18.0 , 0.062 , 44.325 , -1.8
149.71 , 18.0 , 0.062 , 44.325 , -1.8
149.81 , 18.0 , 0.062 , 45.688 , -1.8
149.92 , 18.0 , 0.062 , 45.688 , -1.8
150.02 , 18.0 , 0.064 , 47.496 , -1.8
150.13 , 18.0 , 0.053 , 49.41 , -1.8
150.24 , 18.0 , 0.053 , 49.41 , -1.8
150.34 , 18.0 , 0.032 , 51.73 , -1.8
150.43 , 18.0 , 0.032 , 51.73 , -1.8
150.53 , 18.0 , 0.045 , 53.263 , -1.8
150.63 , 18.0 , 0.045 , 53.263 , -1.8
150.75 , 18.0 , 0.03 , 54.443 , -1.8
150.85 , 18.0 , 0.03 , 54.443 , -1.8
150.95 , 18.0 , 0.045 , 55.543 , -1.8
151.06 , 18.0 , 0.045 , 55.543 , -1.8
151.15 , 18.0 , 0.049 , 56.972 , -1.8
151.27 , 18.0 , 0.049 , 56.972 , -1.8
151.36 , 18.0 , 0.045 , 58.846 , -1.8
151.46 , 18.0 , 0.045 , 58.846 , -1.8
151.55 , 18.0 , 0.042 , 60.773 , -1.8
151.67 , 18.0 , 0.042 , 60.773 , -1.8
151.75 , 18.0 , 0.04 , 62.804 , -1.8
151.86 , 18.0 , 0.036 , 63.984 , -1.8
151.95 , 18.0 , 0.036 , 63.984 , -1.8
152.05 , 18.0 , 0.032 , 65.622 , -1.8
152.15 , 18.0 , 0.032 , 65.622 , -1.8
152.24 , 18.0 , 0.038 , 67.077 , -1.8
152.36 , 18.0 , 0.038 , 67.077 , -1.8
152.45 , 18.0 , 0.03 , 68.781 , -1.8
152.56 , 18.0 , 0.03 , 68.781 , -1.8
152.66 , 18.0 , 0.026 , 71.1 , -1.8
152.77 , 18.0 , 0.026 , 71.1 , -1.8
152.87 , 18.0 , 0.025 , 72.804 , -1.8
152.98 , 18.0 , 0.025 , 72.804 , -1.8
153.08 , 18.0 , 0.026 , 73.892 , -1.8
153.17 , 18.0 , 0.026 , 73.892 , -1.8
153.27 , 18.0 , 0.023 , 75.085 , -1.8
153.36 , 18.0 , 0.023 , 75.085 , -1.8
153.46 , 18.0 , 0.028 , 76.421 , -1.8
153.57 , 18.0 , 0.028 , 76.421 , -1.8
153.68 , 18.0 , 0.034 , 77.968 , -1.8
153.8 , 18.0 , 0.034 , 80.327 , -1.8
153.89 , 18.0 , 0.034 , 80.327 , -1.8
153.99 , 18.0 , 0.023 , 81.952 , -1.8
154.1 , 18.0 , 0.023 , 81.952 , -1.8
154.2 , 18.0 , 0.017 , 83.328 , -1.8
154.29 , 18.0 , 0.017 , 83.328 , -1.8
154.39 , 18.0 , 0.015 , 84.731 , -1.8
154.48 , 18.0 , 0.015 , 84.731 , -1.8
154.6 , 18.0 , 0.015 , 86.041 , -1.8
154.69 , 18.0 , 0.015 , 86.041 , -1.8
154.79 , 18.0 , 0.023 , 87.548 , -1.8
154.9 , 18.0 , 0.023 , 87.548 , -1.8
155.0 , 18.0 , 0.021 , 89.606 , -1.8
155.11 , 18.0 , 0.021 , 89.606 , -1.8
155.22 , 18.0 , 0.023 , 91.808 , -1.8
155.32 , 18.0 , 0.036 , 93.014 , -1.8
155.41 , 18.0 , 0.036 , 93.014 , -1.8
155.51 , 18.0 , 0.013 , 94.35 , -1.8
155.61 , 18.0 , 0.013 , 94.35 , -1.8
155.72 , 18.0 , 0.017 , 95.412 , -1.8
155.86 , 18.0 , 0.017 , 95.412 , -1.8
155.96 , 18.0 , 0.009 , 96.801 , -1.8
156.05 , 18.0 , 0.009 , 96.801 , -1.8
156.13 , 18.0 , 0.009 , 98.793 , -1.8
156.23 , 18.0 , 0.009 , 98.793 , -1.8
156.33 , 18.0 , 0.004 , 101.126 , -1.8
156.44 , 18.0 , 0.004 , 101.126 , -1.8
156.52 , 18.0 , 0.017 , 102.791 , -1.8
156.61 , 18.0 , 0.017 , 102.791 , -1.8
156.69 , 18.0 , 0.006 , 103.97 , -1.8
156.82 , 18.0 , 0.006 , 103.97 , -1.8
156.92 , 18.0 , 0.019 , 105.294 , -1.8
157.01 , 18.0 , 0.017 , 107.194 , -1.8
157.21 , 18.0 , 0.017 , 107.194 , -1.8
157.32 , 18.0 , -0.008 , 108.951 , -1.8
157.43 , 18.0 , 0.008 , 111.113 , -1.8
157.53 , 18.0 , 0.008 , 111.113 , -1.8
157.61 , 18.0 , -0.002 , 112.725 , -1.8
157.72 , 18.0 , -0.002 , 112.725 , -1.8
157.8 , 18.0 , -0.008 , 113.721 , -1.8
157.91 , 18.0 , -0.008 , 113.721 , -1.8
158.01 , 18.0 , -0.006 , 114.704 , -1.8
158.1 , 18.0 , -0.006 , 114.704 , -1.8
158.2 , 18.0 , -0.008 , 115.936 , -1.8
158.3 , 18.0 , -0.008 , 115.936 , -1.8
158.39 , 18.0 , -0.009 , 117.653 , -1.8
158.49 , 18.0 , -0.009 , 117.653 , -1.8
158.58 , 18.0 , -0.015 , 119.488 , -1.8
158.7 , 18.0 , -0.015 , 119.488 , -1.8
158.79 , 18.0 , -0.006 , 121.519 , -1.8
158.9 , 18.0 , -0.006 , 121.519 , -1.8
159.02 , 18.0 , -0.002 , 123.184 , -1.8
159.13 , 18.0 , -0.002 , 123.184 , -1.8
159.22 , 18.0 , -0.011 , 124.298 , -1.8
159.34 , 18.0 , -0.009 , 125.805 , -1.8
159.43 , 18.0 , -0.009 , 125.805 , -1.8
159.53 , 18.0 , -0.006 , 127.6 , -1.8
159.64 , 18.0 , -0.006 , 127.6 , -1.8
159.75 , 18.0 , -0.011 , 129.711 , -1.8
159.86 , 18.0 , -0.011 , 129.711 , -1.8
159.94 , 18.0 , -0.006 , 131.939 , -1.8
160.04 , 18.0 , -0.006 , 131.939 , -1.8
160.14 , 18.0 , 0.002 , 133.524 , -1.8
160.23 , 18.0 , 0.002 , 133.524 , -1.8
160.33 , 18.0 , -0.002 , 134.796 , -1.8
160.43 , 18.0 , -0.002 , 134.796 , -1.8
160.52 , 18.0 , 0.002 , 135.91 , -1.8
160.62 , 18.0 , 0.002 , 135.91 , -1.8
160.71 , 18.0 , 0.002 , 137.26 , -1.8
160.83 , 18.0 , 0.002 , 137.26 , -1.8
160.92 , 18.0 , -0.006 , 139.553 , -1.8
161.02 , 18.0 , -0.006 , 139.553 , -1.8
161.11 , 18.0 , -0.017 , 141.925 , -1.8
