ech1_15_4
Time , Disp, Load , Pressure, Volume
0.06 , 22.5 , -0.019 , 2.896 , -3.8
0.14 , 22.5 , 0.015 , 3.027 , -3.8
0.24 , 22.5 , 0.015 , 3.027 , -3.8
0.35 , 22.5 , 0.03 , 3.014 , -3.8
0.44 , 22.5 , 0.03 , 3.014 , -3.8
0.54 , 22.5 , 0.059 , 11.271 , -3.8
0.64 , 22.5 , 0.059 , 11.271 , -3.8
0.73 , 22.5 , 0.04 , 11.494 , -3.8
0.84 , 22.5 , 0.04 , 11.494 , -3.8
0.94 , 22.5 , 0.0 , 13.08 , -3.8
1.04 , 22.5 , 0.0 , 13.08 , -3.8
1.13 , 22.5 , 0.017 , 15.242 , -3.8
1.24 , 22.5 , 0.017 , 15.242 , -3.8
1.34 , 22.5 , -0.021 , 17.287 , -3.8
1.44 , 22.5 , -0.021 , 17.287 , -3.8
1.53 , 22.5 , 0.03 , 18.768 , -3.8
1.63 , 22.5 , 0.042 , 20.157 , -3.8
1.74 , 22.5 , 0.042 , 20.157 , -3.8
1.84 , 22.5 , 0.038 , 22.228 , -3.8
1.93 , 22.5 , 0.038 , 22.228 , -3.8
2.03 , 22.5 , 0.002 , 23.905 , -3.8
2.14 , 22.5 , 0.002 , 23.905 , -3.8
2.24 , 22.5 , -0.021 , 25.517 , -3.8
2.33 , 22.5 , -0.021 , 25.517 , -3.8
2.43 , 22.5 , 0.009 , 27.3 , -3.8
2.54 , 22.5 , 0.009 , 27.3 , -3.8
2.64 , 22.5 , -0.008 , 28.493 , -3.8
2.73 , 22.5 , -0.008 , 28.493 , -3.8
2.83 , 22.5 , 0.04 , 30.406 , -3.8
2.94 , 22.5 , 0.04 , 30.406 , -3.8
3.04 , 22.5 , -0.059 , 32.123 , -3.8
3.13 , 22.5 , -0.059 , 32.123 , -3.8
3.23 , 22.5 , 0.019 , 34.141 , -3.8
3.34 , 22.5 , 0.019 , 34.141 , -3.8
3.44 , 22.5 , 0.015 , 35.544 , -3.8
3.53 , 22.5 , 0.015 , 35.544 , -3.8
3.63 , 22.5 , 0.004 , 36.487 , -3.8
3.74 , 22.5 , -0.002 , 37.614 , -3.8
3.84 , 22.5 , -0.002 , 37.614 , -3.8
3.93 , 22.5 , -0.021 , 39.226 , -3.8
4.03 , 22.5 , -0.021 , 39.226 , -3.8
4.14 , 22.5 , -0.004 , 40.419 , -3.8
4.24 , 22.5 , -0.004 , 40.419 , -3.8
4.33 , 22.5 , -0.049 , 42.582 , -3.8
4.43 , 22.5 , -0.049 , 42.582 , -3.8
4.54 , 22.5 , -0.013 , 44.089 , -3.8
4.64 , 22.5 , -0.013 , 44.089 , -3.8
4.73 , 22.5 , 0.028 , 45.255 , -3.8
4.83 , 22.5 , 0.028 , 45.255 , -3.8
4.94 , 22.5 , 0.013 , 46.526 , -3.8
5.04 , 22.5 , 0.013 , 46.526 , -3.8
5.14 , 22.5 , 0.032 , 47.837 , -3.8
5.23 , 22.5 , 0.032 , 47.837 , -3.8
5.34 , 22.5 , -0.021 , 48.977 , -3.8
5.44 , 22.5 , -0.021 , 48.977 , -3.8
5.54 , 22.5 , -0.051 , 50.747 , -3.8
5.63 , 22.5 , -0.051 , 50.747 , -3.8
5.74 , 22.5 , 0.025 , 52.542 , -3.8
5.84 , 22.5 , 0.025 , 52.542 , -3.8
5.94 , 22.5 , -0.034 , 53.604 , -3.8
6.03 , 22.5 , -0.077 , 54.731 , -3.8
6.14 , 22.5 , -0.077 , 54.731 , -3.8
6.24 , 22.5 , -0.009 , 55.884 , -3.8
6.34 , 22.5 , -0.009 , 55.884 , -3.8
6.43 , 22.5 , 0.036 , 57.103 , -3.8
6.54 , 22.5 , 0.036 , 57.103 , -3.8
6.64 , 22.5 , 0.013 , 58.938 , -3.8
6.74 , 22.5 , 0.013 , 58.938 , -3.8
6.83 , 22.5 , -0.006 , 60.432 , -3.8
6.94 , 22.5 , -0.006 , 60.432 , -3.8
7.04 , 22.5 , 0.002 , 61.441 , -3.8
7.14 , 22.5 , 0.002 , 61.441 , -3.8
7.23 , 22.5 , 0.017 , 62.883 , -3.8
7.33 , 22.5 , 0.017 , 62.883 , -3.8
7.44 , 22.5 , 0.002 , 64.023 , -3.8
7.54 , 22.5 , 0.002 , 64.023 , -3.8
7.63 , 22.5 , 0.03 , 65.465 , -3.8
7.74 , 22.5 , 0.03 , 65.465 , -3.8
7.84 , 22.5 , -0.032 , 66.631 , -3.8
7.94 , 22.5 , -0.032 , 66.631 , -3.8
8.03 , 22.5 , -0.017 , 68.296 , -3.8
8.13 , 22.5 , -0.064 , 69.449 , -3.8
8.24 , 22.5 , -0.064 , 69.449 , -3.8
8.34 , 22.5 , -0.019 , 70.301 , -3.8
8.43 , 22.5 , -0.019 , 70.301 , -3.8
8.53 , 22.5 , -0.034 , 71.441 , -3.8
8.64 , 22.5 , -0.034 , 71.441 , -3.8
8.74 , 22.5 , 0.013 , 72.28 , -3.8
8.83 , 22.5 , 0.013 , 72.28 , -3.8
8.93 , 22.5 , -0.023 , 73.708 , -3.8
9.04 , 22.5 , -0.023 , 73.708 , -3.8
9.14 , 22.5 , -0.049 , 75.268 , -3.8
9.23 , 22.5 , -0.049 , 75.268 , -3.8
9.33 , 22.5 , 0.051 , 76.683 , -3.8
9.44 , 22.5 , 0.051 , 76.683 , -3.8
9.54 , 22.5 , 0.021 , 77.548 , -3.8
9.63 , 22.5 , 0.021 , 77.548 , -3.8
9.73 , 22.5 , 0.013 , 78.453 , -3.8
9.84 , 22.5 , 0.013 , 78.453 , -3.8
9.94 , 22.5 , -0.021 , 79.632 , -3.8
10.03 , 22.5 , -0.021 , 79.632 , -3.8
10.13 , 22.5 , -0.008 , 81.218 , -3.8
10.24 , 22.5 , -0.008 , 81.218 , -3.8
10.34 , 22.5 , 0.008 , 82.555 , -3.8
10.43 , 22.5 , 0.002 , 83.721 , -3.8
10.53 , 22.5 , 0.002 , 83.721 , -3.8
10.64 , 22.5 , -0.019 , 85.15 , -3.8
10.74 , 22.5 , -0.019 , 85.15 , -3.8
10.83 , 22.5 , -0.009 , 85.91 , -3.8
10.94 , 22.5 , -0.009 , 85.91 , -3.8
11.04 , 22.5 , 0.004 , 86.946 , -3.8
11.14 , 22.5 , 0.004 , 86.946 , -3.8
11.23 , 22.5 , -0.002 , 88.06 , -3.8
11.33 , 22.5 , -0.002 , 88.06 , -3.8
11.44 , 22.5 , -0.008 , 89.527 , -3.8
11.54 , 22.5 , -0.008 , 89.527 , -3.8
11.64 , 22.5 , 0.017 , 91.126 , -3.8
11.73 , 22.5 , 0.017 , 91.126 , -3.8
11.84 , 22.5 , -0.006 , 92.267 , -3.8
11.94 , 22.5 , -0.006 , 92.267 , -3.8
12.04 , 22.5 , -0.017 , 93.564 , -3.8
12.13 , 22.5 , -0.017 , 93.564 , -3.8
12.24 , 22.5 , 0.015 , 94.508 , -3.8
12.34 , 22.5 , 0.015 , 94.508 , -3.8
12.44 , 22.5 , 0.025 , 95.635 , -3.8
12.53 , 22.5 , 0.004 , 97.129 , -3.8
12.64 , 22.5 , 0.004 , 97.129 , -3.8
12.74 , 22.5 , -0.021 , 98.597 , -3.8
12.84 , 22.5 , -0.021 , 98.597 , -3.8
12.93 , 22.5 , -0.006 , 99.789 , -3.8
13.04 , 22.5 , -0.006 , 99.789 , -3.8
13.14 , 22.5 , 0.009 , 101.31 , -3.8
13.24 , 22.5 , 0.009 , 101.31 , -3.8
13.33 , 22.5 , -0.021 , 101.939 , -3.8
13.44 , 22.5 , -0.021 , 101.939 , -3.8
13.54 , 22.5 , -0.0 , 103.158 , -3.8
13.64 , 22.5 , -0.0 , 103.158 , -3.8
13.74 , 22.5 , 0.002 , 104.717 , -3.8
13.84 , 22.5 , 0.002 , 104.717 , -3.8
13.94 , 22.5 , -0.026 , 106.434 , -3.8
14.04 , 22.5 , -0.026 , 106.434 , -3.8
14.13 , 22.5 , 0.015 , 107.915 , -3.8
14.25 , 22.5 , 0.015 , 107.915 , -3.8
14.34 , 22.5 , -0.006 , 109.265 , -3.8
14.44 , 22.5 , -0.006 , 109.265 , -3.8
14.53 , 22.5 , 0.002 , 110.523 , -3.8
14.63 , 22.5 , 0.002 , 110.523 , -3.8
14.74 , 22.5 , -0.017 , 111.939 , -3.8
14.84 , 22.5 , -0.023 , 113.669 , -3.8
14.93 , 22.5 , -0.023 , 113.669 , -3.8
15.05 , 22.5 , -0.025 , 115.176 , -3.8
15.14 , 22.5 , -0.025 , 115.176 , -3.8
15.24 , 22.5 , 0.009 , 117.063 , -3.8
15.33 , 22.5 , 0.009 , 117.063 , -3.8
15.43 , 22.5 , 0.019 , 118.4 , -3.8
15.54 , 22.5 , 0.019 , 118.4 , -3.8
15.64 , 22.5 , 0.002 , 119.462 , -3.8
15.73 , 22.5 , 0.002 , 119.462 , -3.8
15.83 , 22.5 , -0.002 , 120.641 , -3.8
15.94 , 22.5 , -0.002 , 120.641 , -3.8
16.04 , 22.5 , 0.043 , 121.86 , -3.8
16.13 , 22.5 , 0.043 , 121.86 , -3.8
16.23 , 22.5 , 0.047 , 123.878 , -3.8
16.34 , 22.5 , 0.047 , 123.878 , -3.8
16.44 , 22.5 , 0.002 , 126.028 , -3.8
16.53 , 22.5 , 0.002 , 126.028 , -3.8
16.63 , 22.5 , -0.025 , 127.928 , -3.8
16.74 , 22.5 , -0.025 , 127.928 , -3.8
16.84 , 22.5 , -0.004 , 129.409 , -3.8
16.93 , 22.5 , -0.026 , 131.113 , -3.8
17.03 , 22.5 , -0.026 , 131.113 , -3.8
17.14 , 22.5 , -0.03 , 132.908 , -3.8
17.24 , 22.5 , -0.03 , 132.908 , -3.8
17.33 , 22.5 , -0.026 , 135.438 , -3.8
17.43 , 22.5 , -0.026 , 135.438 , -3.8
17.54 , 22.5 , -0.021 , 138.033 , -3.8
17.64 , 22.5 , -0.021 , 138.033 , -3.8
17.73 , 22.5 , -0.015 , 140.012 , -3.8
17.83 , 22.5 , -0.015 , 140.012 , -3.8
17.94 , 22.5 , -0.011 , 142.384 , -3.8
18.04 , 22.5 , -0.011 , 142.384 , -3.8
18.13 , 22.5 , -0.021 , 143.813 , -3.8
18.23 , 22.5 , -0.021 , 143.813 , -3.8
18.34 , 22.5 , -0.038 , 145.634 , -3.8
18.44 , 22.5 , -0.038 , 145.634 , -3.8
18.53 , 22.5 , 0.006 , 148.151 , -3.8
18.63 , 22.5 , 0.006 , 148.151 , -3.8
18.74 , 22.5 , 0.008 , 151.519 , -3.8
18.84 , 22.5 , 0.008 , 151.519 , -3.8
18.94 , 22.5 , 0.013 , 155.176 , -3.8
19.03 , 22.5 , 0.013 , 155.176 , -3.8
19.14 , 22.5 , -0.025 , 157.784 , -3.8
19.24 , 22.5 , 0.026 , 160.235 , -3.8
19.34 , 22.5 , 0.026 , 160.235 , -3.8
19.43 , 22.5 , -0.015 , 163.026 , -3.8
19.54 , 22.5 , -0.015 , 163.026 , -3.8
19.64 , 22.5 , 0.004 , 165.805 , -3.8
19.74 , 22.5 , 0.004 , 165.805 , -3.8
19.83 , 22.5 , -0.008 , 169.815 , -3.8
19.94 , 22.5 , -0.008 , 169.815 , -3.8
20.04 , 22.5 , -0.017 , 174.088 , -3.8
20.14 , 22.5 , -0.017 , 174.088 , -3.8
20.23 , 22.5 , 0.015 , 177.574 , -3.8
20.34 , 22.5 , 0.015 , 177.574 , -3.8
20.44 , 22.5 , -0.023 , 180.693 , -3.8
20.54 , 22.5 , -0.023 , 180.693 , -3.8
20.63 , 22.5 , -0.0 , 183.183 , -3.8
20.74 , 22.5 , -0.0 , 183.183 , -3.8
20.84 , 22.5 , 0.026 , 186.171 , -3.8
20.94 , 22.5 , 0.026 , 186.171 , -3.8
21.03 , 22.5 , 0.013 , 190.955 , -3.8
21.13 , 22.5 , 0.013 , 190.955 , -3.8
21.24 , 22.5 , -0.013 , 196.289 , -3.8
21.34 , 22.5 , 0.008 , 200.745 , -3.8
21.43 , 22.5 , 0.008 , 200.745 , -3.8
21.53 , 22.5 , 0.021 , 204.546 , -3.8
21.64 , 22.5 , 0.021 , 204.546 , -3.8
21.74 , 22.5 , -0.013 , 208.412 , -3.8
21.83 , 22.5 , -0.013 , 208.412 , -3.8
21.93 , 22.5 , 0.013 , 212.056 , -3.8
22.04 , 22.5 , 0.013 , 212.056 , -3.8
22.14 , 22.5 , 0.0 , 216.538 , -3.8
22.23 , 22.5 , 0.0 , 216.538 , -3.8
22.35 , 22.5 , -0.019 , 220.26 , -3.8
22.44 , 22.5 , -0.019 , 220.26 , -3.8
22.54 , 22.5 , -0.006 , 224.061 , -3.8
22.63 , 22.5 , -0.006 , 224.061 , -3.8
22.74 , 22.5 , -0.002 , 227.495 , -3.8
22.84 , 22.5 , -0.002 , 227.495 , -3.8
22.94 , 22.5 , 0.011 , 230.273 , -3.8
23.03 , 22.5 , 0.011 , 230.273 , -3.8
23.13 , 22.5 , 0.019 , 232.252 , -3.8
23.24 , 22.5 , 0.019 , 232.252 , -3.8
23.34 , 22.5 , -0.006 , 235.267 , -3.8
23.43 , 22.5 , -0.006 , 235.267 , -3.8
23.53 , 22.5 , -0.004 , 239.251 , -3.8
23.64 , 22.5 , 0.011 , 244.533 , -3.8
23.74 , 22.5 , 0.011 , 244.533 , -3.8
23.83 , 22.5 , -0.021 , 249.605 , -3.8
23.93 , 22.5 , -0.021 , 249.605 , -3.8
24.04 , 22.5 , -0.004 , 254.415 , -3.8
24.14 , 22.5 , -0.004 , 254.415 , -3.8
24.23 , 22.5 , -0.017 , 258.32 , -3.8
24.33 , 22.5 , -0.017 , 258.32 , -3.8
24.44 , 22.5 , -0.006 , 262.173 , -3.8
24.54 , 22.5 , -0.006 , 262.173 , -3.8
24.64 , 22.5 , 0.028 , 267.429 , -3.8
24.73 , 22.5 , 0.028 , 267.429 , -3.8
24.84 , 22.5 , 0.006 , 274.021 , -3.8
24.94 , 22.5 , 0.006 , 274.021 , -3.8
25.04 , 22.5 , 0.004 , 280.26 , -3.8
25.13 , 22.5 , 0.004 , 280.26 , -3.8
25.24 , 22.5 , -0.002 , 285.712 , -3.8
25.34 , 22.5 , -0.002 , 285.712 , -3.8
25.44 , 22.5 , -0.0 , 288.936 , -3.8
