ech1_14_2
Time , Disp, Load , Pressure, Volume
0.04 , 18.0 , -0.011 , 1.075 , -2.8
0.14 , 18.0 , 0.002 , 1.035 , -2.8
0.24 , 18.0 , 0.002 , 1.035 , -2.8
0.35 , 18.0 , -0.011 , 0.983 , -2.8
0.43 , 18.0 , -0.011 , 0.983 , -2.8
0.52 , 18.0 , -0.0 , 7.379 , -2.8
0.62 , 18.0 , -0.0 , 7.379 , -2.8
0.72 , 18.0 , 0.006 , 9.554 , -2.8
0.83 , 18.0 , 0.006 , 9.554 , -2.8
0.92 , 18.0 , -0.006 , 11.206 , -2.8
1.02 , 18.0 , -0.006 , 11.206 , -2.8
1.12 , 18.0 , -0.002 , 13.224 , -2.8
1.23 , 18.0 , -0.002 , 13.224 , -2.8
1.32 , 18.0 , -0.002 , 15.321 , -2.8
1.42 , 18.0 , -0.002 , 15.321 , -2.8
1.52 , 18.0 , -0.004 , 17.09 , -2.8
1.63 , 18.0 , -0.004 , 17.09 , -2.8
1.72 , 18.0 , -0.002 , 18.991 , -2.8
1.82 , 18.0 , -0.002 , 18.991 , -2.8
1.92 , 18.0 , -0.008 , 21.245 , -2.8
2.03 , 18.0 , -0.009 , 23.421 , -2.8
2.12 , 18.0 , -0.009 , 23.421 , -2.8
2.22 , 18.0 , 0.004 , 24.692 , -2.8
2.32 , 18.0 , 0.004 , 24.692 , -2.8
2.43 , 18.0 , -0.011 , 26.422 , -2.8
2.52 , 18.0 , -0.011 , 26.422 , -2.8
2.62 , 18.0 , -0.004 , 27.601 , -2.8
2.72 , 18.0 , -0.004 , 27.601 , -2.8
2.83 , 18.0 , 0.002 , 29.567 , -2.8
2.93 , 18.0 , 0.002 , 29.567 , -2.8
3.02 , 18.0 , -0.008 , 31.808 , -2.8
3.12 , 18.0 , -0.008 , 31.808 , -2.8
3.23 , 18.0 , -0.011 , 33.932 , -2.8
3.33 , 18.0 , -0.011 , 33.932 , -2.8
3.42 , 18.0 , -0.013 , 35.675 , -2.8
3.52 , 18.0 , -0.013 , 35.675 , -2.8
3.63 , 18.0 , 0.006 , 37.103 , -2.8
3.73 , 18.0 , 0.006 , 37.103 , -2.8
3.82 , 18.0 , -0.008 , 38.715 , -2.8
3.92 , 18.0 , -0.008 , 38.715 , -2.8
4.03 , 18.0 , -0.008 , 40.616 , -2.8
4.13 , 18.0 , -0.008 , 42.359 , -2.8
4.22 , 18.0 , -0.008 , 42.359 , -2.8
4.32 , 18.0 , -0.015 , 44.561 , -2.8
4.43 , 18.0 , -0.015 , 44.561 , -2.8
4.53 , 18.0 , -0.006 , 46.395 , -2.8
4.62 , 18.0 , -0.006 , 46.395 , -2.8
4.72 , 18.0 , 0.0 , 47.418 , -2.8
4.83 , 18.0 , 0.0 , 47.418 , -2.8
4.93 , 18.0 , -0.004 , 48.532 , -2.8
5.02 , 18.0 , -0.004 , 48.532 , -2.8
5.12 , 18.0 , -0.002 , 50.104 , -2.8
5.23 , 18.0 , -0.002 , 50.104 , -2.8
5.33 , 18.0 , -0.002 , 51.874 , -2.8
5.42 , 18.0 , -0.002 , 51.874 , -2.8
5.52 , 18.0 , 0.002 , 53.709 , -2.8
5.61 , 18.0 , 0.002 , 53.709 , -2.8
5.73 , 18.0 , -0.002 , 55.74 , -2.8
5.82 , 18.0 , -0.002 , 55.74 , -2.8
5.92 , 18.0 , -0.013 , 57.011 , -2.8
6.02 , 18.0 , -0.013 , 57.011 , -2.8
6.13 , 18.0 , -0.017 , 58.427 , -2.8
6.22 , 18.0 , -0.017 , 58.427 , -2.8
6.32 , 18.0 , -0.004 , 60.157 , -2.8
6.43 , 18.0 , 0.002 , 61.9 , -2.8
6.53 , 18.0 , 0.002 , 61.9 , -2.8
6.62 , 18.0 , -0.004 , 63.879 , -2.8
6.72 , 18.0 , -0.004 , 63.879 , -2.8
6.82 , 18.0 , -0.009 , 65.635 , -2.8
6.93 , 18.0 , -0.009 , 65.635 , -2.8
7.02 , 18.0 , -0.002 , 66.985 , -2.8
7.12 , 18.0 , -0.002 , 66.985 , -2.8
7.22 , 18.0 , 0.004 , 68.204 , -2.8
7.33 , 18.0 , 0.004 , 68.204 , -2.8
7.42 , 18.0 , -0.011 , 69.449 , -2.8
7.52 , 18.0 , -0.011 , 69.449 , -2.8
7.62 , 18.0 , 0.002 , 71.074 , -2.8
7.73 , 18.0 , 0.002 , 71.074 , -2.8
7.82 , 18.0 , -0.008 , 72.909 , -2.8
7.92 , 18.0 , -0.008 , 72.909 , -2.8
8.02 , 18.0 , -0.002 , 74.626 , -2.8
8.13 , 18.0 , -0.002 , 74.626 , -2.8
8.23 , 18.0 , 0.0 , 76.277 , -2.8
8.32 , 18.0 , 0.0 , 76.277 , -2.8
8.42 , 18.0 , -0.011 , 77.417 , -2.8
8.53 , 18.0 , -0.025 , 78.78 , -2.8
8.63 , 18.0 , -0.025 , 78.78 , -2.8
8.72 , 18.0 , 0.002 , 80.458 , -2.8
8.82 , 18.0 , 0.002 , 80.458 , -2.8
8.93 , 18.0 , -0.0 , 82.005 , -2.8
9.03 , 18.0 , -0.0 , 82.005 , -2.8
9.12 , 18.0 , -0.004 , 84.023 , -2.8
9.22 , 18.0 , -0.004 , 84.023 , -2.8
9.33 , 18.0 , 0.002 , 85.805 , -2.8
9.43 , 18.0 , 0.002 , 85.805 , -2.8
9.52 , 18.0 , -0.011 , 86.972 , -2.8
9.62 , 18.0 , -0.011 , 86.972 , -2.8
9.73 , 18.0 , 0.002 , 87.928 , -2.8
9.83 , 18.0 , 0.002 , 87.928 , -2.8
9.92 , 18.0 , 0.006 , 89.357 , -2.8
10.02 , 18.0 , 0.006 , 89.357 , -2.8
10.13 , 18.0 , 0.006 , 91.048 , -2.8
10.23 , 18.0 , 0.006 , 91.048 , -2.8
10.32 , 18.0 , -0.013 , 93.014 , -2.8
10.42 , 18.0 , -0.013 , 93.014 , -2.8
10.53 , 18.0 , 0.006 , 95.006 , -2.8
10.63 , 18.0 , 0.006 , 95.006 , -2.8
10.72 , 18.0 , 0.008 , 96.382 , -2.8
10.82 , 18.0 , -0.019 , 97.299 , -2.8
10.93 , 18.0 , -0.019 , 97.299 , -2.8
11.03 , 18.0 , -0.004 , 98.977 , -2.8
11.12 , 18.0 , -0.004 , 98.977 , -2.8
11.22 , 18.0 , -0.011 , 100.759 , -2.8
11.33 , 18.0 , -0.011 , 100.759 , -2.8
11.43 , 18.0 , -0.013 , 102.843 , -2.8
11.52 , 18.0 , -0.013 , 102.843 , -2.8
11.62 , 18.0 , 0.004 , 104.547 , -2.8
11.72 , 18.0 , 0.004 , 104.547 , -2.8
11.83 , 18.0 , 0.004 , 105.91 , -2.8
11.92 , 18.0 , 0.004 , 105.91 , -2.8
12.02 , 18.0 , -0.011 , 106.854 , -2.8
12.12 , 18.0 , -0.011 , 106.854 , -2.8
12.23 , 18.0 , -0.002 , 108.204 , -2.8
12.32 , 18.0 , -0.002 , 108.204 , -2.8
12.42 , 18.0 , -0.013 , 109.514 , -2.8
12.52 , 18.0 , -0.013 , 109.514 , -2.8
12.63 , 18.0 , -0.0 , 111.585 , -2.8
12.72 , 18.0 , -0.0 , 111.585 , -2.8
12.82 , 18.0 , -0.006 , 113.433 , -2.8
12.92 , 18.0 , -0.013 , 115.202 , -2.8
13.03 , 18.0 , -0.013 , 115.202 , -2.8
13.12 , 18.0 , 0.009 , 116.722 , -2.8
13.22 , 18.0 , 0.009 , 116.722 , -2.8
13.32 , 18.0 , -0.004 , 117.928 , -2.8
13.43 , 18.0 , -0.004 , 117.928 , -2.8
13.52 , 18.0 , -0.011 , 119.815 , -2.8
13.62 , 18.0 , -0.011 , 119.815 , -2.8
13.72 , 18.0 , -0.004 , 121.768 , -2.8
13.83 , 18.0 , -0.004 , 121.768 , -2.8
13.92 , 18.0 , -0.004 , 123.905 , -2.8
14.02 , 18.0 , -0.004 , 123.905 , -2.8
14.12 , 18.0 , 0.002 , 126.146 , -2.8
14.23 , 18.0 , 0.002 , 126.146 , -2.8
14.33 , 18.0 , -0.013 , 127.391 , -2.8
14.42 , 18.0 , -0.013 , 127.391 , -2.8
14.52 , 18.0 , -0.002 , 128.911 , -2.8
14.63 , 18.0 , -0.002 , 128.911 , -2.8
14.73 , 18.0 , -0.0 , 130.261 , -2.8
14.82 , 18.0 , -0.0 , 130.261 , -2.8
14.92 , 18.0 , -0.0 , 132.227 , -2.8
15.03 , 18.0 , -0.0 , 132.227 , -2.8
15.13 , 18.0 , -0.0 , 134.717 , -2.8
15.22 , 18.0 , -0.013 , 137.26 , -2.8
15.32 , 18.0 , -0.013 , 137.26 , -2.8
15.43 , 18.0 , 0.002 , 139.121 , -2.8
15.53 , 18.0 , 0.002 , 139.121 , -2.8
15.62 , 18.0 , 0.002 , 140.654 , -2.8
15.72 , 18.0 , 0.002 , 140.654 , -2.8
15.83 , 18.0 , -0.013 , 142.554 , -2.8
15.93 , 18.0 , -0.013 , 142.554 , -2.8
16.02 , 18.0 , -0.011 , 144.481 , -2.8
16.12 , 18.0 , -0.011 , 144.481 , -2.8
16.23 , 18.0 , -0.0 , 146.657 , -2.8
16.33 , 18.0 , -0.0 , 146.657 , -2.8
16.42 , 18.0 , -0.006 , 149.566 , -2.8
16.52 , 18.0 , -0.006 , 149.566 , -2.8
16.63 , 18.0 , -0.008 , 151.807 , -2.8
16.73 , 18.0 , -0.008 , 151.807 , -2.8
16.82 , 18.0 , -0.008 , 153.0 , -2.8
16.92 , 18.0 , -0.008 , 153.0 , -2.8
17.03 , 18.0 , -0.002 , 154.651 , -2.8
17.13 , 18.0 , -0.002 , 154.651 , -2.8
17.22 , 18.0 , -0.006 , 156.512 , -2.8
17.32 , 18.0 , -0.008 , 159.186 , -2.8
17.42 , 18.0 , -0.008 , 159.186 , -2.8
17.53 , 18.0 , 0.0 , 162.371 , -2.8
17.62 , 18.0 , 0.0 , 162.371 , -2.8
17.72 , 18.0 , -0.015 , 164.795 , -2.8
17.82 , 18.0 , -0.015 , 164.795 , -2.8
17.93 , 18.0 , -0.006 , 166.722 , -2.8
18.02 , 18.0 , -0.006 , 166.722 , -2.8
18.12 , 18.0 , -0.021 , 168.727 , -2.8
18.22 , 18.0 , -0.021 , 168.727 , -2.8
18.33 , 18.0 , -0.009 , 170.955 , -2.8
18.42 , 18.0 , -0.009 , 170.955 , -2.8
18.52 , 18.0 , -0.002 , 173.498 , -2.8
18.62 , 18.0 , -0.002 , 173.498 , -2.8
18.73 , 18.0 , -0.011 , 176.801 , -2.8
18.82 , 18.0 , -0.011 , 176.801 , -2.8
18.92 , 18.0 , -0.004 , 179.946 , -2.8
19.02 , 18.0 , -0.004 , 179.946 , -2.8
19.13 , 18.0 , -0.006 , 181.86 , -2.8
19.22 , 18.0 , -0.006 , 181.86 , -2.8
19.32 , 18.0 , -0.0 , 183.144 , -2.8
19.42 , 18.0 , -0.0 , 183.144 , -2.8
19.53 , 18.0 , -0.006 , 184.887 , -2.8
19.63 , 18.0 , -0.002 , 187.181 , -2.8
19.72 , 18.0 , -0.002 , 187.181 , -2.8
19.82 , 18.0 , -0.008 , 190.929 , -2.8
19.93 , 18.0 , -0.008 , 190.929 , -2.8
20.03 , 18.0 , -0.002 , 194.808 , -2.8
20.12 , 18.0 , -0.002 , 194.808 , -2.8
20.22 , 18.0 , -0.013 , 197.338 , -2.8
20.33 , 18.0 , -0.013 , 197.338 , -2.8
20.43 , 18.0 , -0.004 , 199.893 , -2.8
