ech1_13_1
Time , Disp, Load , Pressure, Volume
0.08 , 13.5 , -0.021 , -0.315 , -3.8
0.16 , 13.5 , -0.002 , -0.262 , -3.8
0.27 , 13.5 , -0.004 , -0.223 , -3.8
0.35 , 13.5 , -0.004 , -0.223 , -3.8
0.46 , 13.5 , 0.009 , 2.687 , -3.8
0.56 , 13.5 , 0.009 , 2.687 , -3.8
0.66 , 13.5 , -0.009 , 4.233 , -3.8
0.75 , 13.5 , -0.009 , 4.233 , -3.8
0.86 , 13.5 , 0.002 , 5.701 , -3.8
0.96 , 13.5 , 0.002 , 5.701 , -3.8
1.06 , 13.5 , 0.034 , 7.352 , -3.8
1.15 , 13.5 , 0.034 , 7.352 , -3.8
1.26 , 13.5 , 0.017 , 9.122 , -3.8
1.36 , 13.5 , 0.017 , 9.122 , -3.8
1.46 , 13.5 , 0.043 , 11.166 , -3.8
1.55 , 13.5 , 0.043 , 11.166 , -3.8
1.66 , 13.5 , 0.053 , 13.25 , -3.8
1.76 , 13.5 , 0.053 , 13.25 , -3.8
1.86 , 13.5 , 0.002 , 15.478 , -3.8
1.95 , 13.5 , 0.002 , 15.478 , -3.8
2.06 , 13.5 , -0.019 , 17.523 , -3.8
2.16 , 13.5 , -0.019 , 17.523 , -3.8
2.26 , 13.5 , -0.0 , 19.213 , -3.8
2.35 , 13.5 , -0.006 , 20.76 , -3.8
2.47 , 13.5 , -0.006 , 20.76 , -3.8
2.56 , 13.5 , -0.025 , 22.149 , -3.8
2.66 , 13.5 , -0.025 , 22.149 , -3.8
2.75 , 13.5 , -0.011 , 24.023 , -3.8
2.86 , 13.5 , -0.011 , 24.023 , -3.8
2.96 , 13.5 , -0.017 , 26.002 , -3.8
3.07 , 13.5 , -0.017 , 26.002 , -3.8
3.15 , 13.5 , -0.009 , 28.047 , -3.8
3.26 , 13.5 , -0.009 , 28.047 , -3.8
3.36 , 13.5 , -0.008 , 29.934 , -3.8
3.46 , 13.5 , -0.008 , 29.934 , -3.8
3.55 , 13.5 , -0.009 , 31.887 , -3.8
3.67 , 13.5 , -0.009 , 31.887 , -3.8
3.76 , 13.5 , 0.002 , 33.158 , -3.8
3.86 , 13.5 , 0.002 , 33.158 , -3.8
3.95 , 13.5 , 0.021 , 35.124 , -3.8
4.07 , 13.5 , 0.021 , 35.124 , -3.8
4.16 , 13.5 , -0.026 , 36.972 , -3.8
4.26 , 13.5 , -0.026 , 36.972 , -3.8
4.35 , 13.5 , 0.006 , 39.24 , -3.8
4.47 , 13.5 , -0.004 , 40.917 , -3.8
4.56 , 13.5 , -0.004 , 40.917 , -3.8
4.66 , 13.5 , -0.017 , 42.123 , -3.8
4.75 , 13.5 , -0.017 , 42.123 , -3.8
4.87 , 13.5 , -0.011 , 43.525 , -3.8
4.96 , 13.5 , -0.011 , 43.525 , -3.8
5.06 , 13.5 , -0.009 , 44.914 , -3.8
5.15 , 13.5 , -0.009 , 44.914 , -3.8
5.25 , 13.5 , -0.006 , 46.592 , -3.8
5.36 , 13.5 , -0.006 , 46.592 , -3.8
5.46 , 13.5 , -0.006 , 48.82 , -3.8
5.55 , 13.5 , -0.006 , 48.82 , -3.8
5.67 , 13.5 , -0.004 , 50.602 , -3.8
5.76 , 13.5 , -0.004 , 50.602 , -3.8
5.86 , 13.5 , -0.015 , 51.874 , -3.8
5.95 , 13.5 , -0.015 , 51.874 , -3.8
6.05 , 13.5 , -0.008 , 53.302 , -3.8
6.16 , 13.5 , -0.008 , 53.302 , -3.8
6.26 , 13.5 , -0.017 , 54.927 , -3.8
6.35 , 13.5 , -0.017 , 54.927 , -3.8
6.45 , 13.5 , 0.009 , 56.29 , -3.8
6.56 , 13.5 , 0.009 , 56.29 , -3.8
6.66 , 13.5 , -0.017 , 58.112 , -3.8
6.76 , 13.5 , -0.002 , 60.026 , -3.8
6.85 , 13.5 , -0.002 , 60.026 , -3.8
6.96 , 13.5 , 0.008 , 61.507 , -3.8
7.06 , 13.5 , 0.008 , 61.507 , -3.8
7.16 , 13.5 , -0.008 , 62.516 , -3.8
7.25 , 13.5 , -0.008 , 62.516 , -3.8
7.36 , 13.5 , -0.017 , 63.669 , -3.8
7.46 , 13.5 , -0.017 , 63.669 , -3.8
7.56 , 13.5 , -0.011 , 65.15 , -3.8
7.65 , 13.5 , -0.011 , 65.15 , -3.8
7.76 , 13.5 , -0.021 , 66.841 , -3.8
7.86 , 13.5 , -0.021 , 66.841 , -3.8
7.96 , 13.5 , 0.004 , 68.702 , -3.8
8.05 , 13.5 , 0.004 , 68.702 , -3.8
8.16 , 13.5 , 0.011 , 70.235 , -3.8
8.26 , 13.5 , 0.011 , 70.235 , -3.8
8.36 , 13.5 , -0.0 , 71.651 , -3.8
8.45 , 13.5 , -0.0 , 71.651 , -3.8
8.56 , 13.5 , 0.002 , 72.778 , -3.8
8.66 , 13.5 , 0.002 , 72.778 , -3.8
8.76 , 13.5 , -0.032 , 74.351 , -3.8
8.85 , 13.5 , 0.011 , 75.884 , -3.8
8.96 , 13.5 , 0.011 , 75.884 , -3.8
9.06 , 13.5 , 0.009 , 77.548 , -3.8
9.16 , 13.5 , 0.009 , 77.548 , -3.8
9.25 , 13.5 , -0.002 , 78.78 , -3.8
9.36 , 13.5 , -0.002 , 78.78 , -3.8
9.46 , 13.5 , -0.004 , 80.039 , -3.8
9.56 , 13.5 , -0.004 , 80.039 , -3.8
9.65 , 13.5 , 0.009 , 81.257 , -3.8
9.77 , 13.5 , 0.009 , 81.257 , -3.8
9.86 , 13.5 , -0.023 , 82.031 , -3.8
9.96 , 13.5 , -0.023 , 82.031 , -3.8
10.05 , 13.5 , 0.019 , 83.643 , -3.8
10.16 , 13.5 , 0.019 , 83.643 , -3.8
10.26 , 13.5 , -0.008 , 85.045 , -3.8
10.36 , 13.5 , -0.008 , 85.045 , -3.8
10.45 , 13.5 , -0.006 , 86.723 , -3.8
10.57 , 13.5 , -0.006 , 86.723 , -3.8
10.66 , 13.5 , -0.015 , 87.797 , -3.8
10.76 , 13.5 , -0.015 , 87.797 , -3.8
10.85 , 13.5 , 0.023 , 88.859 , -3.8
10.97 , 13.5 , 0.023 , 88.859 , -3.8
11.06 , 13.5 , -0.026 , 90.261 , -3.8
11.16 , 13.5 , -0.002 , 91.585 , -3.8
11.25 , 13.5 , -0.002 , 91.585 , -3.8
11.37 , 13.5 , -0.026 , 93.027 , -3.8
11.46 , 13.5 , -0.026 , 93.027 , -3.8
11.56 , 13.5 , 0.008 , 94.704 , -3.8
11.65 , 13.5 , 0.008 , 94.704 , -3.8
11.75 , 13.5 , 0.002 , 95.805 , -3.8
11.86 , 13.5 , 0.002 , 95.805 , -3.8
11.96 , 13.5 , -0.013 , 97.076 , -3.8
12.05 , 13.5 , -0.013 , 97.076 , -3.8
12.15 , 13.5 , 0.008 , 97.981 , -3.8
12.26 , 13.5 , 0.008 , 97.981 , -3.8
12.36 , 13.5 , -0.015 , 99.252 , -3.8
12.45 , 13.5 , -0.015 , 99.252 , -3.8
12.55 , 13.5 , -0.006 , 100.785 , -3.8
12.66 , 13.5 , -0.006 , 100.785 , -3.8
12.76 , 13.5 , -0.013 , 102.463 , -3.8
12.85 , 13.5 , -0.013 , 102.463 , -3.8
12.95 , 13.5 , -0.011 , 103.603 , -3.8
13.06 , 13.5 , -0.011 , 103.603 , -3.8
13.16 , 13.5 , -0.004 , 105.058 , -3.8
13.26 , 13.5 , 0.002 , 106.382 , -3.8
13.35 , 13.5 , 0.002 , 106.382 , -3.8
13.46 , 13.5 , -0.011 , 107.325 , -3.8
13.56 , 13.5 , -0.011 , 107.325 , -3.8
13.66 , 13.5 , -0.013 , 109.042 , -3.8
13.75 , 13.5 , -0.013 , 109.042 , -3.8
13.86 , 13.5 , 0.008 , 110.353 , -3.8
13.96 , 13.5 , 0.008 , 110.353 , -3.8
14.06 , 13.5 , -0.004 , 112.07 , -3.8
14.15 , 13.5 , -0.004 , 112.07 , -3.8
14.26 , 13.5 , -0.006 , 113.092 , -3.8
14.36 , 13.5 , -0.006 , 113.092 , -3.8
14.46 , 13.5 , 0.002 , 114.35 , -3.8
14.55 , 13.5 , 0.002 , 114.35 , -3.8
14.66 , 13.5 , -0.006 , 115.595 , -3.8
14.76 , 13.5 , -0.006 , 115.595 , -3.8
14.86 , 13.5 , 0.004 , 116.998 , -3.8
14.95 , 13.5 , 0.004 , 116.998 , -3.8
15.06 , 13.5 , -0.006 , 118.623 , -3.8
15.16 , 13.5 , -0.006 , 118.623 , -3.8
15.26 , 13.5 , 0.006 , 120.327 , -3.8
15.35 , 13.5 , 0.006 , 120.327 , -3.8
15.46 , 13.5 , 0.015 , 121.991 , -3.8
15.56 , 13.5 , -0.004 , 122.961 , -3.8
15.66 , 13.5 , -0.004 , 122.961 , -3.8
15.75 , 13.5 , -0.0 , 124.062 , -3.8
15.86 , 13.5 , -0.0 , 124.062 , -3.8
15.96 , 13.5 , -0.006 , 126.185 , -3.8
16.06 , 13.5 , -0.006 , 126.185 , -3.8
16.15 , 13.5 , -0.019 , 127.325 , -3.8
16.26 , 13.5 , -0.019 , 127.325 , -3.8
16.36 , 13.5 , 0.004 , 129.671 , -3.8
16.46 , 13.5 , 0.004 , 129.671 , -3.8
16.55 , 13.5 , -0.009 , 131.1 , -3.8
16.66 , 13.5 , -0.009 , 131.1 , -3.8
16.76 , 13.5 , -0.03 , 132.201 , -3.8
16.86 , 13.5 , -0.03 , 132.201 , -3.8
16.95 , 13.5 , 0.009 , 133.144 , -3.8
17.07 , 13.5 , 0.009 , 133.144 , -3.8
17.16 , 13.5 , 0.019 , 134.507 , -3.8
17.26 , 13.5 , 0.019 , 134.507 , -3.8
17.35 , 13.5 , 0.006 , 136.447 , -3.8
17.47 , 13.5 , 0.006 , 136.447 , -3.8
17.56 , 13.5 , -0.023 , 138.492 , -3.8
17.66 , 13.5 , -0.011 , 140.536 , -3.8
17.75 , 13.5 , -0.011 , 140.536 , -3.8
17.85 , 13.5 , 0.009 , 142.489 , -3.8
17.96 , 13.5 , 0.009 , 142.489 , -3.8
18.06 , 13.5 , 0.002 , 143.944 , -3.8
18.15 , 13.5 , 0.002 , 143.944 , -3.8
18.25 , 13.5 , -0.038 , 145.779 , -3.8
18.36 , 13.5 , -0.038 , 145.779 , -3.8
18.46 , 13.5 , -0.011 , 148.125 , -3.8
18.55 , 13.5 , -0.011 , 148.125 , -3.8
18.67 , 13.5 , -0.004 , 150.536 , -3.8
18.76 , 13.5 , -0.004 , 150.536 , -3.8
18.86 , 13.5 , -0.011 , 153.197 , -3.8
18.95 , 13.5 , -0.011 , 153.197 , -3.8
19.05 , 13.5 , -0.013 , 155.359 , -3.8
19.16 , 13.5 , -0.013 , 155.359 , -3.8
19.26 , 13.5 , -0.006 , 157.115 , -3.8
19.35 , 13.5 , -0.006 , 157.115 , -3.8
19.45 , 13.5 , -0.009 , 158.963 , -3.8
19.56 , 13.5 , -0.009 , 158.963 , -3.8
19.66 , 13.5 , -0.008 , 161.27 , -3.8
19.75 , 13.5 , -0.008 , 161.27 , -3.8
19.86 , 13.5 , -0.015 , 164.835 , -3.8
19.96 , 13.5 , -0.015 , 168.845 , -3.8
20.06 , 13.5 , -0.015 , 168.845 , -3.8
20.15 , 13.5 , -0.002 , 171.414 , -3.8
20.25 , 13.5 , -0.002 , 171.414 , -3.8
20.36 , 13.5 , -0.0 , 174.245 , -3.8
20.46 , 13.5 , -0.0 , 174.245 , -3.8
20.56 , 13.5 , -0.008 , 176.84 , -3.8
20.65 , 13.5 , -0.008 , 176.84 , -3.8
20.76 , 13.5 , -0.009 , 179.684 , -3.8
20.86 , 13.5 , -0.009 , 179.684 , -3.8
20.96 , 13.5 , -0.017 , 183.773 , -3.8
21.05 , 13.5 , -0.017 , 183.773 , -3.8
21.16 , 13.5 , -0.006 , 188.046 , -3.8
21.26 , 13.5 , -0.006 , 188.046 , -3.8
21.36 , 13.5 , 0.008 , 192.528 , -3.8
21.45 , 13.5 , 0.008 , 192.528 , -3.8
21.56 , 13.5 , 0.009 , 195.293 , -3.8
21.66 , 13.5 , 0.009 , 195.293 , -3.8
21.76 , 13.5 , 0.002 , 197.849 , -3.8
21.85 , 13.5 , 0.002 , 197.849 , -3.8
21.96 , 13.5 , -0.023 , 200.405 , -3.8
22.06 , 13.5 , 0.008 , 204.651 , -3.8
22.16 , 13.5 , 0.008 , 204.651 , -3.8
22.25 , 13.5 , -0.0 , 209.998 , -3.8
22.36 , 13.5 , -0.0 , 209.998 , -3.8
22.46 , 13.5 , -0.006 , 214.507 , -3.8
22.56 , 13.5 , -0.006 , 214.507 , -3.8
22.65 , 13.5 , -0.015 , 217.836 , -3.8
22.76 , 13.5 , -0.015 , 217.836 , -3.8
22.86 , 13.5 , -0.004 , 221.361 , -3.8
22.96 , 13.5 , -0.004 , 221.361 , -3.8
23.05 , 13.5 , -0.019 , 224.611 , -3.8
23.16 , 13.5 , -0.019 , 224.611 , -3.8
23.26 , 13.5 , -0.009 , 228.963 , -3.8
23.36 , 13.5 , -0.009 , 228.963 , -3.8
23.45 , 13.5 , -0.023 , 232.659 , -3.8
23.57 , 13.5 , -0.023 , 232.659 , -3.8
23.66 , 13.5 , -0.013 , 236.223 , -3.8
23.76 , 13.5 , -0.013 , 236.223 , -3.8
23.85 , 13.5 , -0.008 , 239.801 , -3.8
23.97 , 13.5 , -0.008 , 239.801 , -3.8
24.06 , 13.5 , -0.006 , 242.305 , -3.8
24.16 , 13.5 , -0.006 , 242.305 , -3.8
24.25 , 13.5 , -0.013 , 244.244 , -3.8
24.37 , 13.5 , -0.002 , 246.695 , -3.8
24.46 , 13.5 , -0.002 , 246.695 , -3.8
24.56 , 13.5 , 0.011 , 250.457 , -3.8
24.65 , 13.5 , 0.011 , 250.457 , -3.8
24.77 , 13.5 , 0.006 , 255.424 , -3.8
24.86 , 13.5 , 0.006 , 255.424 , -3.8
24.96 , 13.5 , -0.002 , 260.43 , -3.8
25.05 , 13.5 , -0.002 , 260.43 , -3.8
25.17 , 13.5 , -0.006 , 265.476 , -3.8
25.26 , 13.5 , -0.006 , 265.476 , -3.8
25.36 , 13.5 , 0.009 , 269.238 , -3.8
25.45 , 13.5 , 0.009 , 269.238 , -3.8
25.55 , 13.5 , -0.011 , 272.96 , -3.8
25.66 , 13.5 , -0.011 , 272.96 , -3.8
25.76 , 13.5 , -0.008 , 277.691 , -3.8
25.85 , 13.5 , -0.008 , 277.691 , -3.8
25.95 , 13.5 , -0.008 , 284.126 , -3.8
26.06 , 13.5 , -0.008 , 284.126 , -3.8
26.16 , 13.5 , 0.009 , 290.456 , -3.8
26.25 , 13.5 , 0.009 , 290.456 , -3.8
26.35 , 13.5 , 0.004 , 296.249 , -3.8
26.46 , 13.5 , -0.004 , 299.919 , -3.8
26.56 , 13.5 , -0.004 , 299.919 , -3.8
26.66 , 13.5 , -0.028 , 302.658 , -3.8
26.75 , 13.5 , -0.028 , 302.658 , -3.8
26.86 , 13.5 , -0.009 , 307.311 , -3.8
26.96 , 13.5 , -0.009 , 307.311 , -3.8
27.06 , 13.5 , 0.009 , 313.942 , -3.8
27.15 , 13.5 , 0.009 , 313.942 , -3.8
27.26 , 13.5 , -0.009 , 320.299 , -3.8
27.36 , 13.5 , -0.009 , 320.299 , -3.8
27.46 , 13.5 , -0.017 , 324.558 , -3.8
27.55 , 13.5 , -0.017 , 324.558 , -3.8
27.66 , 13.5 , -0.009 , 328.215 , -3.8
27.76 , 13.5 , -0.009 , 328.215 , -3.8
27.86 , 13.5 , -0.004 , 332.068 , -3.8
27.95 , 13.5 , -0.004 , 332.068 , -3.8
28.06 , 13.5 , -0.006 , 336.616 , -3.8
28.16 , 13.5 , -0.006 , 336.616 , -3.8
28.26 , 13.5 , -0.028 , 342.435 , -3.8
28.35 , 13.5 , -0.028 , 342.435 , -3.8
28.46 , 13.5 , -0.009 , 347.323 , -3.8
28.56 , 13.5 , -0.009 , 347.939 , -3.8
28.66 , 13.5 , -0.009 , 347.939 , -3.8
28.75 , 13.5 , -0.019 , 350.954 , -3.8
28.86 , 13.5 , -0.019 , 350.954 , -3.8
28.96 , 13.5 , -0.004 , 354.453 , -3.8
29.06 , 13.5 , -0.004 , 354.453 , -3.8
29.15 , 13.5 , 0.011 , 359.315 , -3.8
29.26 , 13.5 , 0.011 , 359.315 , -3.8
29.36 , 13.5 , -0.011 , 365.056 , -3.8
29.46 , 13.5 , -0.011 , 365.056 , -3.8
29.55 , 13.5 , -0.004 , 369.381 , -3.8
29.66 , 13.5 , -0.004 , 369.381 , -3.8
29.76 , 13.5 , -0.021 , 372.081 , -3.8
29.86 , 13.5 , -0.021 , 372.081 , -3.8
29.95 , 13.5 , 0.004 , 374.728 , -3.8
30.07 , 13.5 , 0.004 , 374.728 , -3.8
30.16 , 13.5 , 0.0 , 377.834 , -3.8
30.26 , 13.5 , 0.0 , 377.834 , -3.8
30.35 , 13.5 , -0.013 , 381.727 , -3.8
30.47 , 13.5 , -0.013 , 381.727 , -3.8
30.56 , 13.5 , -0.004 , 387.008 , -3.8
