Ech4_s15_p0
Time , Disp, Load , Pressure, Volume
0.08 , 0.02 , -0.006 , 1.402 , 0.0
0.18 , 0.076 , 0.011 , 1.311 , 0.0
0.27 , 0.139 , 0.011 , 1.311 , 0.0
0.4 , 0.22 , 0.017 , 1.284 , 0.0
0.48 , 0.264 , 0.017 , 1.284 , 0.0
0.58 , 0.326 , -0.004 , 1.389 , 0.0
0.7 , 0.41 , -0.004 , 1.389 , 0.0
0.78 , 0.452 , 0.002 , 1.297 , 0.0
0.88 , 0.514 , 0.002 , 1.297 , 0.0
1.01 , 0.6 , 0.013 , 1.193 , 0.0
1.07 , 0.639 , 0.013 , 1.193 , 0.0
1.18 , 0.702 , 0.011 , 1.402 , 0.0
1.29 , 0.78 , 0.011 , 1.402 , 0.0
1.37 , 0.827 , -0.011 , 1.075 , 0.0
1.47 , 0.889 , -0.011 , 1.075 , 0.0
1.6 , 0.97 , -0.006 , 1.258 , 0.0
1.68 , 1.014 , -0.006 , 1.258 , 0.0
1.77 , 1.077 , 0.011 , 1.14 , 0.0
1.9 , 1.159 , 0.011 , 1.14 , 0.0
1.98 , 1.201 , -0.002 , 1.101 , 0.0
2.08 , 1.264 , -0.002 , 1.101 , 0.0
2.21 , 1.349 , 0.015 , 1.35 , 0.0
2.27 , 1.389 , 0.006 , 1.088 , 0.0
2.38 , 1.451 , 0.006 , 1.088 , 0.0
2.49 , 1.529 , 0.006 , 1.376 , 0.0
2.57 , 1.577 , 0.006 , 1.376 , 0.0
2.67 , 1.639 , 0.002 , 0.97 , 0.0
2.8 , 1.719 , 0.002 , 0.97 , 0.0
2.88 , 1.764 , 0.004 , 1.284 , 0.0
2.97 , 1.827 , 0.004 , 1.284 , 0.0
3.1 , 1.909 , 0.009 , 1.075 , 0.0
3.18 , 1.951 , 0.009 , 1.075 , 0.0
3.28 , 2.014 , 0.019 , 1.166 , 0.0
3.41 , 2.099 , 0.019 , 1.166 , 0.0
3.47 , 2.139 , 0.011 , 1.193 , 0.0
3.58 , 2.202 , 0.011 , 1.193 , 0.0
3.69 , 2.279 , -0.002 , 1.232 , 0.0
3.77 , 2.326 , -0.002 , 1.232 , 0.0
3.87 , 2.389 , -0.004 , 1.245 , 0.0
4.0 , 2.468 , -0.004 , 1.245 , 0.0
4.08 , 2.514 , -0.004 , 1.062 , 0.0
4.17 , 2.577 , -0.004 , 1.062 , 0.0
4.3 , 2.658 , -0.002 , 1.14 , 0.0
4.38 , 2.702 , -0.002 , 1.14 , 0.0
4.48 , 2.764 , -0.006 , 0.983 , 0.0
4.6 , 2.848 , 0.006 , 0.865 , 0.0
4.67 , 2.889 , 0.006 , 0.865 , 0.0
4.78 , 2.951 , -0.011 , 1.088 , 0.0
4.89 , 3.028 , -0.011 , 1.088 , 0.0
4.97 , 3.076 , 0.006 , 1.075 , 0.0
5.08 , 3.139 , 0.006 , 1.075 , 0.0
5.2 , 3.218 , -0.006 , 1.153 , 0.0
5.28 , 3.264 , -0.006 , 1.153 , 0.0
5.37 , 3.327 , 0.002 , 1.206 , 0.0
5.5 , 3.408 , 0.002 , 1.206 , 0.0
5.58 , 3.452 , 0.015 , 1.284 , 0.0
5.68 , 3.514 , 0.015 , 1.284 , 0.0
5.8 , 3.597 , 0.002 , 1.18 , 0.0
5.88 , 3.639 , 0.002 , 1.18 , 0.0
5.98 , 3.701 , 0.002 , 1.245 , 0.0
6.11 , 3.787 , 0.002 , 1.245 , 0.0
6.17 , 3.826 , 0.013 , 0.917 , 0.0
6.28 , 3.889 , 0.013 , 0.917 , 0.0
6.39 , 3.967 , 0.011 , 1.009 , 0.0
6.47 , 4.014 , 0.011 , 1.009 , 0.0
6.57 , 4.076 , 0.004 , 1.245 , 0.0
6.7 , 4.157 , -0.004 , 1.048 , 0.0
6.78 , 4.201 , -0.004 , 1.048 , 0.0
6.87 , 4.264 , -0.006 , 0.904 , 0.0
7.0 , 4.347 , -0.006 , 0.904 , 0.0
7.08 , 4.389 , -0.011 , 0.97 , 0.0
7.18 , 4.452 , -0.011 , 0.97 , 0.0
7.31 , 4.537 , -0.015 , 1.101 , 0.0
7.37 , 4.576 , -0.015 , 1.101 , 0.0
7.48 , 4.639 , 0.017 , 1.114 , 0.0
7.59 , 4.717 , 0.017 , 1.114 , 0.0
7.67 , 4.764 , -0.006 , 0.839 , 0.0
7.77 , 4.827 , -0.006 , 0.839 , 0.0
7.9 , 4.906 , -0.013 , 0.799 , 0.0
7.98 , 4.951 , -0.013 , 0.799 , 0.0
8.07 , 5.014 , 0.011 , 0.878 , 0.0
8.2 , 5.096 , 0.011 , 0.878 , 0.0
8.28 , 5.139 , -0.002 , 0.957 , 0.0
8.38 , 5.201 , -0.002 , 0.957 , 0.0
8.5 , 5.286 , 0.004 , 0.826 , 0.0
8.57 , 5.326 , 0.004 , 0.826 , 0.0
8.68 , 5.389 , -0.004 , 1.035 , 0.0
8.79 , 5.466 , -0.004 , 1.035 , 0.0
8.87 , 5.514 , -0.006 , 0.983 , 0.0
8.97 , 5.577 , -0.013 , 0.891 , 0.0
9.1 , 5.656 , -0.013 , 0.891 , 0.0
9.18 , 5.702 , 0.0 , 1.009 , 0.0
9.27 , 5.764 , 0.0 , 1.009 , 0.0
9.4 , 5.845 , -0.015 , 0.931 , 0.0
9.48 , 5.889 , -0.015 , 0.931 , 0.0
9.58 , 5.952 , 0.0 , 0.944 , 0.0
9.7 , 6.035 , 0.0 , 0.944 , 0.0
9.77 , 6.076 , 0.017 , 0.996 , 0.0
9.88 , 6.139 , 0.017 , 0.996 , 0.0
9.99 , 6.215 , -0.004 , 1.088 , 0.0
10.07 , 6.264 , -0.004 , 1.088 , 0.0
10.18 , 6.327 , 0.004 , 0.996 , 0.0
10.3 , 6.405 , 0.004 , 0.996 , 0.0
10.38 , 6.451 , -0.008 , 1.009 , 0.0
10.47 , 6.514 , -0.008 , 1.009 , 0.0
10.6 , 6.595 , 0.0 , 1.153 , 0.0
10.68 , 6.639 , 0.0 , 1.153 , 0.0
10.77 , 6.702 , -0.004 , 1.219 , 0.0
10.9 , 6.785 , -0.004 , 1.219 , 0.0
10.98 , 6.826 , 0.006 , 1.035 , 0.0
11.08 , 6.889 , 0.006 , 1.035 , 0.0
11.21 , 6.974 , 0.0 , 1.048 , 0.0
11.27 , 7.014 , 0.023 , 1.166 , 0.0
11.38 , 7.076 , 0.023 , 1.166 , 0.0
11.49 , 7.154 , 0.0 , 1.206 , 0.0
11.57 , 7.201 , 0.0 , 1.206 , 0.0
11.67 , 7.264 , 0.002 , 1.18 , 0.0
11.8 , 7.344 , 0.002 , 1.18 , 0.0
11.88 , 7.389 , 0.013 , 1.258 , 0.0
11.97 , 7.452 , 0.013 , 1.258 , 0.0
12.1 , 7.534 , 0.03 , 1.166 , 0.0
12.18 , 7.576 , 0.03 , 1.166 , 0.0
12.28 , 7.639 , 0.009 , 1.455 , 0.0
12.41 , 7.724 , 0.009 , 1.455 , 0.0
12.47 , 7.764 , 0.021 , 1.324 , 0.0
12.58 , 7.826 , 0.021 , 1.324 , 0.0
12.69 , 7.904 , 0.002 , 1.389 , 0.0
12.77 , 7.951 , 0.002 , 1.389 , 0.0
12.87 , 8.014 , 0.0 , 1.494 , 0.0
13.0 , 8.094 , 0.0 , 1.494 , 0.0
13.08 , 8.139 , -0.013 , 1.533 , 0.0
13.17 , 8.202 , -0.013 , 1.533 , 0.0
13.3 , 8.283 , 0.0 , 1.835 , 0.0
13.38 , 8.326 , 0.0 , 1.835 , 0.0
13.48 , 8.389 , 0.017 , 1.481 , 0.0
13.6 , 8.473 , -0.008 , 1.664 , 0.0
13.67 , 8.514 , -0.008 , 1.664 , 0.0
13.78 , 8.577 , 0.002 , 1.848 , 0.0
13.89 , 8.653 , 0.002 , 1.848 , 0.0
13.97 , 8.702 , 0.002 , 1.887 , 0.0
14.07 , 8.764 , 0.002 , 1.887 , 0.0
14.2 , 8.843 , 0.0 , 1.73 , 0.0
14.28 , 8.889 , 0.0 , 1.73 , 0.0
14.37 , 8.951 , 0.002 , 2.005 , 0.0
14.5 , 9.033 , 0.002 , 2.005 , 0.0
14.58 , 9.076 , 0.017 , 2.136 , 0.0
14.68 , 9.139 , 0.017 , 2.136 , 0.0
14.8 , 9.222 , 0.011 , 2.451 , 0.0
14.88 , 9.264 , 0.011 , 2.451 , 0.0
14.98 , 9.326 , 0.015 , 2.412 , 0.0
15.11 , 9.412 , 0.015 , 2.412 , 0.0
15.17 , 9.451 , 0.009 , 2.333 , 0.0
15.28 , 9.514 , 0.009 , 2.333 , 0.0
15.4 , 9.592 , -0.002 , 2.647 , 0.0
15.47 , 9.639 , -0.002 , 2.647 , 0.0
15.57 , 9.701 , 0.004 , 2.556 , 0.0
15.7 , 9.782 , 0.004 , 2.556 , 0.0
15.78 , 9.826 , -0.004 , 2.792 , 0.0
15.87 , 9.892 , 0.015 , 3.054 , 0.0
15.97 , 9.951 , 0.015 , 3.054 , 0.0
16.08 , 10.014 , -0.006 , 3.027 , 0.0
16.19 , 10.092 , -0.006 , 3.027 , 0.0
16.27 , 10.139 , -0.002 , 3.303 , 0.0
16.37 , 10.201 , -0.002 , 3.303 , 0.0
16.5 , 10.282 , -0.011 , 3.159 , 0.0
16.58 , 10.326 , -0.011 , 3.159 , 0.0
16.67 , 10.389 , -0.006 , 3.342 , 0.0
16.8 , 10.471 , -0.006 , 3.342 , 0.0
16.88 , 10.514 , -0.011 , 3.617 , 0.0
16.98 , 10.576 , -0.011 , 3.617 , 0.0
17.11 , 10.661 , -0.004 , 3.512 , 0.0
17.17 , 10.701 , -0.004 , 3.512 , 0.0
17.28 , 10.764 , -0.021 , 3.683 , 0.0
17.39 , 10.841 , -0.021 , 3.683 , 0.0
17.47 , 10.889 , -0.006 , 3.932 , 0.0
17.57 , 10.951 , -0.006 , 3.932 , 0.0
17.7 , 11.031 , 0.002 , 4.155 , 0.0
17.78 , 11.076 , 0.002 , 4.155 , 0.0
17.87 , 11.139 , -0.002 , 4.325 , 0.0
18.0 , 11.221 , 0.008 , 4.194 , 0.0
18.08 , 11.264 , 0.008 , 4.194 , 0.0
18.18 , 11.327 , -0.011 , 4.364 , 0.0
18.3 , 11.411 , -0.011 , 4.364 , 0.0
18.37 , 11.451 , -0.004 , 4.744 , 0.0
18.48 , 11.514 , -0.004 , 4.744 , 0.0
18.59 , 11.59 , -0.006 , 4.731 , 0.0
18.67 , 11.639 , -0.006 , 4.731 , 0.0
18.77 , 11.702 , 0.015 , 4.928 , 0.0
18.9 , 11.781 , 0.015 , 4.928 , 0.0
18.98 , 11.826 , -0.004 , 5.164 , 0.0
19.07 , 11.889 , -0.004 , 5.164 , 0.0
19.2 , 11.97 , -0.011 , 5.321 , 0.0
19.28 , 12.014 , -0.011 , 5.321 , 0.0
19.38 , 12.076 , 0.006 , 5.57 , 0.0
19.5 , 12.16 , 0.006 , 5.57 , 0.0
19.57 , 12.201 , -0.011 , 5.872 , 0.0
19.68 , 12.264 , -0.011 , 5.872 , 0.0
19.79 , 12.34 , 0.008 , 6.16 , 0.0
19.87 , 12.389 , 0.008 , 6.16 , 0.0
19.97 , 12.451 , 0.019 , 6.396 , 0.0
20.1 , 12.53 , 0.019 , 6.396 , 0.0
20.18 , 12.576 , 0.011 , 6.737 , 0.0
20.27 , 12.639 , -0.006 , 7.012 , 0.0
20.4 , 12.72 , -0.006 , 7.012 , 0.0
20.48 , 12.763 , -0.009 , 7.352 , 0.0
20.57 , 12.826 , -0.009 , 7.352 , 0.0
20.7 , 12.909 , -0.002 , 7.759 , 0.0
20.78 , 12.951 , -0.002 , 7.759 , 0.0
20.88 , 13.014 , -0.011 , 8.178 , 0.0
21.01 , 13.099 , -0.011 , 8.178 , 0.0
21.07 , 13.138 , 0.008 , 8.283 , 0.0
21.18 , 13.202 , 0.008 , 8.283 , 0.0
21.29 , 13.279 , 0.013 , 8.624 , 0.0
21.37 , 13.326 , 0.013 , 8.624 , 0.0
21.47 , 13.389 , -0.03 , 8.965 , 0.0
21.6 , 13.469 , -0.03 , 8.965 , 0.0
21.68 , 13.514 , -0.004 , 9.463 , 0.0
21.77 , 13.576 , -0.004 , 9.463 , 0.0
21.9 , 13.659 , 0.015 , 9.646 , 0.0
21.98 , 13.701 , 0.015 , 9.646 , 0.0
22.08 , 13.764 , 0.002 , 9.633 , 0.0
22.21 , 13.849 , 0.002 , 9.633 , 0.0
22.27 , 13.889 , 0.032 , 9.869 , 0.0
22.38 , 13.951 , 0.032 , 9.869 , 0.0
22.49 , 14.029 , -0.0 , 9.987 , 0.0
22.57 , 14.076 , 0.015 , 10.144 , 0.0
22.67 , 14.139 , 0.015 , 10.144 , 0.0
22.8 , 14.218 , 0.006 , 10.393 , 0.0
22.88 , 14.264 , 0.006 , 10.393 , 0.0
22.97 , 14.326 , 0.017 , 10.904 , 0.0
23.1 , 14.408 , 0.017 , 10.904 , 0.0
23.18 , 14.451 , 0.004 , 11.114 , 0.0
23.28 , 14.514 , 0.004 , 11.114 , 0.0
23.4 , 14.598 , 0.017 , 11.075 , 0.0
23.47 , 14.638 , 0.017 , 11.075 , 0.0
23.58 , 14.701 , 0.01 , 11.573 , 0.0
23.69 , 14.778 , 0.01 , 11.573 , 0.0
23.77 , 14.826 , -0.009 , 11.664 , 0.0
23.87 , 14.889 , -0.009 , 11.664 , 0.0
24.0 , 14.968 , -0.0 , 12.058 , 0.0
24.08 , 15.014 , -0.0 , 12.058 , 0.0
24.17 , 15.076 , 0.008 , 12.162 , 0.0
24.3 , 15.157 , 0.008 , 12.162 , 0.0
24.38 , 15.201 , 0.013 , 12.582 , 0.0
24.48 , 15.264 , 0.013 , 12.582 , 0.0
24.6 , 15.347 , 0.013 , 12.556 , 0.0
24.67 , 15.388 , 0.013 , 12.556 , 0.0
24.78 , 15.451 , 0.013 , 13.093 , 0.0
24.89 , 15.527 , -0.002 , 13.211 , 0.0
24.97 , 15.576 , -0.002 , 13.211 , 0.0
25.08 , 15.639 , 0.002 , 13.565 , 0.0
25.19 , 15.717 , 0.002 , 13.565 , 0.0
25.27 , 15.764 , 0.01 , 13.617 , 0.0
25.37 , 15.826 , 0.01 , 13.617 , 0.0
25.5 , 15.907 , 0.002 , 13.971 , 0.0
25.58 , 15.951 , 0.002 , 13.971 , 0.0
25.67 , 16.014 , 0.002 , 13.997 , 0.0
25.8 , 16.097 , 0.002 , 13.997 , 0.0
25.88 , 16.139 , -0.002 , 13.971 , 0.0
25.98 , 16.201 , -0.002 , 13.971 , 0.0
26.11 , 16.287 , -0.002 , 14.259 , 0.0
26.17 , 16.326 , -0.002 , 14.259 , 0.0
26.28 , 16.388 , -0.007 , 14.259 , 0.0
26.39 , 16.466 , -0.007 , 14.259 , 0.0
26.47 , 16.514 , -0.004 , 14.417 , 0.0
26.57 , 16.576 , -0.004 , 14.417 , 0.0
26.7 , 16.656 , 0.002 , 14.39 , 0.0
26.78 , 16.701 , 0.002 , 14.39 , 0.0
26.87 , 16.763 , -0.0 , 14.548 , 0.0
27.0 , 16.846 , 0.008 , 14.718 , 0.0
27.08 , 16.889 , 0.008 , 14.718 , 0.0
27.18 , 16.951 , 0.019 , 14.705 , 0.0
27.3 , 17.036 , 0.019 , 14.705 , 0.0
27.37 , 17.076 , 0.017 , 14.875 , 0.0
27.48 , 17.139 , 0.017 , 14.875 , 0.0
27.59 , 17.216 , -0.002 , 14.849 , 0.0
27.67 , 17.264 , -0.002 , 14.849 , 0.0
27.77 , 17.326 , 0.017 , 14.993 , 0.0
27.9 , 17.406 , 0.017 , 14.993 , 0.0
27.98 , 17.451 , 0.017 , 15.295 , 0.0
28.07 , 17.514 , 0.017 , 15.295 , 0.0
28.2 , 17.595 , 0.008 , 15.137 , 0.0
28.28 , 17.639 , 0.008 , 15.137 , 0.0
28.38 , 17.701 , -0.009 , 15.216 , 0.0
28.5 , 17.785 , -0.009 , 15.216 , 0.0
28.57 , 17.826 , 0.015 , 15.19 , 0.0
28.68 , 17.889 , 0.015 , 15.19 , 0.0
28.79 , 17.965 , 0.002 , 15.229 , 0.0
28.87 , 18.013 , 0.002 , 15.229 , 0.0
28.97 , 18.076 , 0.019 , 15.544 , 0.0
29.1 , 18.155 , 0.019 , 15.544 , 0.0
29.18 , 18.201 , -0.013 , 15.295 , 0.0
29.27 , 18.264 , -0.004 , 15.518 , 0.0
29.4 , 18.345 , -0.004 , 15.518 , 0.0
29.48 , 18.388 , 0.002 , 15.701 , 0.0
29.58 , 18.451 , 0.002 , 15.701 , 0.0
29.69 , 18.524 , 0.021 , 15.478 , 0.0
29.78 , 18.576 , 0.021 , 15.478 , 0.0
29.88 , 18.639 , -0.011 , 15.544 , 0.0
30.01 , 18.724 , -0.011 , 15.544 , 0.0
30.07 , 18.764 , 0.015 , 15.609 , 0.0
30.18 , 18.826 , 0.015 , 15.609 , 0.0
30.29 , 18.904 , 0.019 , 15.609 , 0.0
30.37 , 18.951 , 0.019 , 15.609 , 0.0
30.47 , 19.014 , 0.002 , 15.74 , 0.0
30.6 , 19.094 , 0.002 , 15.74 , 0.0
30.68 , 19.139 , 0.006 , 16.055 , 0.0
30.77 , 19.201 , 0.006 , 16.055 , 0.0
30.9 , 19.284 , 0.006 , 15.806 , 0.0
30.98 , 19.326 , 0.006 , 15.806 , 0.0
31.08 , 19.389 , -0.026 , 15.727 , 0.0
31.21 , 19.474 , -0.026 , 15.727 , 0.0
31.27 , 19.514 , -0.002 , 16.107 , 0.0
31.38 , 19.576 , -0.002 , 16.107 , 0.0
31.49 , 19.654 , 0.002 , 16.002 , 0.0
31.57 , 19.701 , -0.004 , 15.832 , 0.0
31.67 , 19.763 , -0.004 , 15.832 , 0.0
31.8 , 19.844 , -0.002 , 15.871 , 0.0
31.88 , 19.889 , -0.002 , 15.871 , 0.0
31.97 , 19.951 , 0.004 , 16.107 , 0.0
32.1 , 20.033 , 0.004 , 16.107 , 0.0
32.18 , 20.076 , 0.008 , 16.068 , 0.0
32.28 , 20.138 , 0.008 , 16.068 , 0.0
32.39 , 20.213 , -0.017 , 16.107 , 0.0
32.47 , 20.264 , -0.017 , 16.107 , 0.0
32.58 , 20.326 , 0.002 , 16.212 , 0.0
32.69 , 20.403 , 0.002 , 16.212 , 0.0
32.77 , 20.451 , -0.004 , 16.238 , 0.0
32.87 , 20.514 , -0.004 , 16.238 , 0.0
32.98 , 20.583 , -0.021 , 16.317 , 0.0
33.08 , 20.639 , -0.021 , 16.317 , 0.0
33.17 , 20.701 , 0.013 , 16.343 , 0.0
33.3 , 20.782 , 0.013 , 16.343 , 0.0
33.38 , 20.826 , 0.002 , 16.317 , 0.0
33.48 , 20.888 , 0.002 , 16.317 , 0.0
33.6 , 20.972 , 0.008 , 16.265 , 0.0
33.67 , 21.0 , -0.007 , 16.487 , 0.0
33.78 , 21.0 , -0.007 , 16.487 , 0.0
33.88 , 21.0 , -0.004 , 15.976 , 0.0
33.97 , 21.0 , -0.004 , 15.976 , 0.0
34.08 , 21.0 , 0.013 , 16.055 , 0.0
34.18 , 21.0 , 0.013 , 16.055 , 0.0
34.28 , 21.0 , -0.011 , 15.911 , 0.0
34.37 , 21.0 , -0.011 , 15.911 , 0.0
34.48 , 21.0 , 0.017 , 15.727 , 0.0
34.58 , 21.0 , 0.017 , 15.727 , 0.0
34.67 , 21.0 , -0.009 , 15.806 , 0.022
34.77 , 21.0 , -0.009 , 15.806 , 0.022
34.87 , 21.0 , -0.011 , 16.081 , 0.022
34.98 , 21.0 , -0.011 , 16.081 , 0.022
35.07 , 21.0 , 0.01 , 17.169 , 0.022
35.17 , 21.0 , 0.01 , 17.169 , 0.063
35.28 , 21.0 , 0.008 , 18.335 , 0.063
35.38 , 21.0 , 0.008 , 18.335 , 0.063
35.47 , 21.0 , 0.006 , 19.462 , 0.063
35.57 , 21.0 , 0.006 , 19.462 , 0.063
35.68 , 21.0 , -0.009 , 20.327 , 0.105
35.78 , 21.0 , -0.009 , 20.327 , 0.105
35.87 , 21.0 , -0.005 , 21.232 , 0.105
35.97 , 21.0 , -0.017 , 21.979 , 0.105
36.08 , 21.0 , -0.017 , 21.979 , 0.105
36.18 , 21.0 , 0.004 , 22.844 , 0.147
36.27 , 21.0 , 0.004 , 22.844 , 0.147
36.37 , 21.0 , -0.013 , 23.656 , 0.147
36.48 , 21.0 , -0.013 , 23.656 , 0.147
36.58 , 21.0 , 0.002 , 24.299 , 0.147
36.67 , 21.0 , 0.002 , 24.299 , 0.188
36.77 , 21.0 , -0.002 , 25.177 , 0.188
36.88 , 21.0 , -0.002 , 25.177 , 0.188
36.98 , 21.0 , -0.011 , 25.898 , 0.188
37.07 , 21.0 , -0.011 , 25.898 , 0.188
